RootPos, (0.09464400, 0.89024240, 0.35915730)
Hand_Start, (0.00000000, 0.00000000, 0.00000000)
Hand_ForearmStub, (0.00000000, 0.00000000, 0.00000000)
Hand_Thumb0, (0.02006931, 0.01155411, 0.01049651)
Hand_Thumb1, (0.03587745, 0.01898267, 0.02817613)
Hand_Thumb2, (0.06299783, 0.02491374, 0.04509941)
Hand_Thumb3, (0.09555452, 0.03073120, 0.05204150)
Hand_Index1, (0.09599625, 0.00731649, 0.02355065)
Hand_Index2, (0.13342740, 0.01161043, 0.01919761)
Hand_Index3, (0.15653670, 0.01846533, 0.01609323)
Hand_Middle1, (0.09564660, 0.00254316, 0.00172590)
Hand_Middle2, (0.13803870, 0.00847428, -0.00150810)
Hand_Middle3, (0.16468430, 0.01513022, -0.00367441)
Hand_Ring1, (0.08869380, 0.00652932, -0.01746527)
Hand_Ring2, (0.12755820, 0.00835010, -0.02009968)
Hand_Ring3, (0.15364290, 0.01325781, -0.02138384)
Hand_Pinky0, (0.03407358, 0.00941986, -0.02299860)
Hand_Pinky1, (0.07789586, 0.01369119, -0.03505410)
Hand_Pinky2, (0.10820850, 0.00968720, -0.03802963)
Hand_Pinky3, (0.12826600, 0.01213520, -0.04009328)
Hand_ThumbTip, (0.11622230, 0.03547507, 0.06455347)
Hand_IndexTip, (0.17817680, 0.02213941, 0.01168082)
Hand_MiddleTip, (0.18946570, 0.01661363, -0.00655833)
Hand_RingTip, (0.17793180, 0.01531680, -0.02185268)
Hand_PinkyTip, (0.15019390, 0.01324874, -0.04032741)
RootPos, (0.09609644, 0.88802500, 0.35945150)
Hand_Start, (0.00000000, 0.00000000, 0.00000000)
Hand_ForearmStub, (0.00000000, 0.00000000, 0.00000000)
Hand_Thumb0, (0.02006930, 0.01155409, 0.01049652)
Hand_Thumb1, (0.03589599, 0.01902271, 0.02814265)
Hand_Thumb2, (0.06301937, 0.02504494, 0.04502890)
Hand_Thumb3, (0.09558395, 0.03096206, 0.05184871)
Hand_Index1, (0.09599623, 0.00731645, 0.02355067)
Hand_Index2, (0.13340950, 0.01172620, 0.01915985)
Hand_Index3, (0.15649010, 0.01866742, 0.01603321)
Hand_Middle1, (0.09564660, 0.00254317, 0.00172591)
Hand_Middle2, (0.13800830, 0.00864064, -0.00159555)
Hand_Middle3, (0.16461320, 0.01544050, -0.00381397)
Hand_Ring1, (0.08869381, 0.00652932, -0.01746527)
Hand_Ring2, (0.12754870, 0.00851166, -0.02012244)
Hand_Ring3, (0.15360960, 0.01354115, -0.02141842)
Hand_Pinky0, (0.03407357, 0.00941985, -0.02299858)
Hand_Pinky1, (0.07789584, 0.01369117, -0.03505408)
Hand_Pinky2, (0.10822340, 0.00980972, -0.03803980)
Hand_Pinky3, (0.12826840, 0.01236074, -0.04010038)
Hand_ThumbTip, (0.11627160, 0.03579563, 0.06429319)
Hand_IndexTip, (0.17811100, 0.02242732, 0.01159945)
Hand_MiddleTip, (0.18937930, 0.01707935, -0.00674563)
Hand_RingTip, (0.17788810, 0.01571802, -0.02189812)
Hand_PinkyTip, (0.15019020, 0.01359034, -0.04033039)
RootPos, (0.09749736, 0.88574560, 0.35973880)
Hand_Start, (0.00000000, 0.00000000, 0.00000000)
Hand_ForearmStub, (0.00000000, 0.00000000, 0.00000000)
Hand_Thumb0, (0.02006929, 0.01155410, 0.01049653)
Hand_Thumb1, (0.03590180, 0.01903529, 0.02813208)
Hand_Thumb2, (0.06300828, 0.02514599, 0.04501367)
Hand_Thumb3, (0.09556514, 0.03115866, 0.05178652)
Hand_Index1, (0.09599625, 0.00731647, 0.02355066)
Hand_Index2, (0.13340750, 0.01173260, 0.01914948)
Hand_Index3, (0.15648810, 0.01867100, 0.01601633)
Hand_Middle1, (0.09564662, 0.00254318, 0.00172588)
Hand_Middle2, (0.13798870, 0.00871316, -0.00171048)
Hand_Middle3, (0.16457430, 0.01556418, -0.00400070)
Hand_Ring1, (0.08869379, 0.00652930, -0.01746525)
Hand_Ring2, (0.12753560, 0.00866515, -0.02019412)
Hand_Ring3, (0.15357380, 0.01379875, -0.02153737)
Hand_Pinky0, (0.03407355, 0.00941986, -0.02299858)
Hand_Pinky1, (0.07789586, 0.01369120, -0.03505410)
Hand_Pinky2, (0.10824120, 0.00997741, -0.03807297)
Hand_Pinky3, (0.12826760, 0.01266025, -0.04014533)
Hand_ThumbTip, (0.11624290, 0.03606690, 0.06421826)
Hand_IndexTip, (0.17810710, 0.02243497, 0.01157675)
Hand_MiddleTip, (0.18932880, 0.01725743, -0.00699862)
Hand_RingTip, (0.17784400, 0.01605599, -0.02206470)
Hand_PinkyTip, (0.15018070, 0.01403372, -0.04038898)
RootPos, (0.09859215, 0.88376110, 0.35983880)
Hand_Start, (0.00000000, 0.00000000, 0.00000000)
Hand_ForearmStub, (0.00000000, 0.00000000, 0.00000000)
Hand_Thumb0, (0.02006928, 0.01155408, 0.01049653)
Hand_Thumb1, (0.03591633, 0.01906665, 0.02810572)
Hand_Thumb2, (0.06298998, 0.02536450, 0.04497114)
Hand_Thumb3, (0.09553239, 0.03157882, 0.05163058)
Hand_Index1, (0.09599622, 0.00731644, 0.02355069)
Hand_Index2, (0.13338910, 0.01188163, 0.01914499)
Hand_Index3, (0.15643220, 0.01894307, 0.01601104)
Hand_Middle1, (0.09564660, 0.00254313, 0.00172591)
Hand_Middle2, (0.13794680, 0.00896670, -0.00176116)
Hand_Middle3, (0.16447970, 0.01600967, -0.00408001)
Hand_Ring1, (0.08869380, 0.00652930, -0.01746525)
Hand_Ring2, (0.12752370, 0.00889645, -0.02017320)
Hand_Ring3, (0.15353600, 0.01416221, -0.02150529)
Hand_Pinky0, (0.03407357, 0.00941985, -0.02299859)
Hand_Pinky1, (0.07789583, 0.01369118, -0.03505406)
Hand_Pinky2, (0.10827120, 0.01026862, -0.03811447)
Hand_Pinky3, (0.12826470, 0.01318100, -0.04019601)
Hand_ThumbTip, (0.11619490, 0.03664774, 0.06402317)
Hand_IndexTip, (0.17802780, 0.02283748, 0.01156988)
Hand_MiddleTip, (0.18921660, 0.01790001, -0.00710513)
Hand_RingTip, (0.17779720, 0.01651490, -0.02202825)
Hand_PinkyTip, (0.15016130, 0.01479319, -0.04045516)
RootPos, (0.10098990, 0.87278030, 0.36017770)
Hand_Start, (0.00000000, 0.00000000, 0.00000000)
Hand_ForearmStub, (0.00000000, 0.00000000, 0.00000000)
Hand_Thumb0, (0.02006932, 0.01155412, 0.01049651)
Hand_Thumb1, (0.03594967, 0.01913877, 0.02804467)
Hand_Thumb2, (0.06293520, 0.02589908, 0.04487228)
Hand_Thumb3, (0.09543970, 0.03262521, 0.05121180)
Hand_Index1, (0.09599625, 0.00731644, 0.02355066)
Hand_Index2, (0.13332900, 0.01245595, 0.01926883)
Hand_Index3, (0.15624160, 0.01996430, 0.01621887)
Hand_Middle1, (0.09564662, 0.00254317, 0.00172591)
Hand_Middle2, (0.13777230, 0.00997345, -0.00187253)
Hand_Middle3, (0.16409110, 0.01776138, -0.00424858)
Hand_Ring1, (0.08869381, 0.00652931, -0.01746527)
Hand_Ring2, (0.12747240, 0.00975795, -0.02001426)
Hand_Ring3, (0.15338170, 0.01553102, -0.02124761)
Hand_Pinky0, (0.03407358, 0.00941986, -0.02299859)
Hand_Pinky1, (0.07789585, 0.01369117, -0.03505409)
Hand_Pinky2, (0.10835620, 0.01132076, -0.03826273)
Hand_Pinky3, (0.12820010, 0.01511686, -0.04035140)
Hand_ThumbTip, (0.11602710, 0.03808016, 0.06356548)
Hand_IndexTip, (0.17776500, 0.02431654, 0.01185269)
Hand_MiddleTip, (0.18875170, 0.02040487, -0.00733137)
Hand_RingTip, (0.17760550, 0.01825364, -0.02170140)
Hand_PinkyTip, (0.15000630, 0.01767372, -0.04063216)
RootPos, (0.09988889, 0.86558590, 0.36056590)
Hand_Start, (0.00000000, 0.00000000, 0.00000000)
Hand_ForearmStub, (0.00000000, 0.00000000, 0.00000000)
Hand_Thumb0, (0.02006930, 0.01155408, 0.01049652)
Hand_Thumb1, (0.03583340, 0.01888775, 0.02825493)
Hand_Thumb2, (0.06282880, 0.02499639, 0.04531429)
Hand_Thumb3, (0.09540698, 0.03128365, 0.05172576)
Hand_Index1, (0.09599623, 0.00731647, 0.02355069)
Hand_Index2, (0.13320690, 0.01353172, 0.01964954)
Hand_Index3, (0.15595470, 0.02161380, 0.01684195)
Hand_Middle1, (0.09564661, 0.00254315, 0.00172589)
Hand_Middle2, (0.13747380, 0.01151923, -0.00182983)
Hand_Middle3, (0.16345030, 0.02039413, -0.00416156)
Hand_Ring1, (0.08869379, 0.00652929, -0.01746526)
Hand_Ring2, (0.12731370, 0.01131759, -0.01996916)
Hand_Ring3, (0.15299940, 0.01801946, -0.02118479)
Hand_Pinky0, (0.03407355, 0.00941982, -0.02299858)
Hand_Pinky1, (0.07789586, 0.01369118, -0.03505409)
Hand_Pinky2, (0.10839630, 0.01216899, -0.03839329)
Hand_Pinky3, (0.12809050, 0.01667395, -0.04049024)
Hand_ThumbTip, (0.11589400, 0.03621695, 0.06445968)
Hand_IndexTip, (0.17742430, 0.02642242, 0.01269513)
Hand_MiddleTip, (0.18795930, 0.02423035, -0.00719935)
Hand_RingTip, (0.17709970, 0.02168057, -0.02161390)
Hand_PinkyTip, (0.14979980, 0.01995038, -0.04080695)
RootPos, (0.09896157, 0.85454930, 0.36356470)
Hand_Start, (0.00000000, 0.00000000, 0.00000000)
Hand_ForearmStub, (0.00000000, 0.00000000, 0.00000000)
Hand_Thumb0, (0.02006930, 0.01155413, 0.01049653)
Hand_Thumb1, (0.03581912, 0.01885698, 0.02828025)
Hand_Thumb2, (0.06278632, 0.02498143, 0.04537851)
Hand_Thumb3, (0.09535830, 0.03132362, 0.05176718)
Hand_Index1, (0.09599625, 0.00731648, 0.02355066)
Hand_Index2, (0.13319710, 0.01359766, 0.01966198)
Hand_Index3, (0.15596770, 0.02161757, 0.01686046)
Hand_Middle1, (0.09564662, 0.00254315, 0.00172590)
Hand_Middle2, (0.13743160, 0.01172129, -0.00181061)
Hand_Middle3, (0.16339370, 0.02064020, -0.00413456)
Hand_Ring1, (0.08869381, 0.00652931, -0.01746526)
Hand_Ring2, (0.12728750, 0.01156476, -0.01988675)
Hand_Ring3, (0.15297630, 0.01825847, -0.02107981)
Hand_Pinky0, (0.03407355, 0.00941984, -0.02299858)
Hand_Pinky1, (0.07789586, 0.01369118, -0.03505409)
Hand_Pinky2, (0.10840030, 0.01233929, -0.03843020)
Hand_Pinky3, (0.12806520, 0.01696231, -0.04054439)
Hand_ThumbTip, (0.11579290, 0.03626248, 0.06458288)
Hand_IndexTip, (0.17746220, 0.02631772, 0.01271875)
Hand_MiddleTip, (0.18789480, 0.02453335, -0.00716360)
Hand_RingTip, (0.17707700, 0.02192036, -0.02148546)
Hand_PinkyTip, (0.14976020, 0.02032908, -0.04089577)
RootPos, (0.10065810, 0.85819520, 0.36856390)
Hand_Start, (0.00000000, 0.00000000, 0.00000000)
Hand_ForearmStub, (0.00000000, 0.00000000, 0.00000000)
Hand_Thumb0, (0.02006930, 0.01155409, 0.01049652)
Hand_Thumb1, (0.03580802, 0.01883310, 0.02829986)
Hand_Thumb2, (0.06269356, 0.02516320, 0.04545173)
Hand_Thumb3, (0.09519274, 0.03166132, 0.05205118)
Hand_Index1, (0.09599625, 0.00731647, 0.02355069)
Hand_Index2, (0.13330790, 0.01286187, 0.01960529)
Hand_Index3, (0.15630820, 0.02017975, 0.01675871)
Hand_Middle1, (0.09564661, 0.00254315, 0.00172589)
Hand_Middle2, (0.13760000, 0.01091881, -0.00180872)
Hand_Middle3, (0.16384700, 0.01895251, -0.00416136)
Hand_Ring1, (0.08869381, 0.00652932, -0.01746525)
Hand_Ring2, (0.12736350, 0.01100088, -0.01977875)
Hand_Ring3, (0.15323800, 0.01693559, -0.02097675)
Hand_Pinky0, (0.03407356, 0.00941982, -0.02299857)
Hand_Pinky1, (0.07789585, 0.01369117, -0.03505407)
Hand_Pinky2, (0.10838190, 0.01202436, -0.03845539)
Hand_Pinky3, (0.12811080, 0.01633399, -0.04063525)
Hand_ThumbTip, (0.11542140, 0.03666036, 0.06516685)
Hand_IndexTip, (0.17794180, 0.02415321, 0.01258012)
Hand_MiddleTip, (0.18847500, 0.02191398, -0.00721474)
Hand_RingTip, (0.17743960, 0.01985586, -0.02138698)
Hand_PinkyTip, (0.14986670, 0.01926656, -0.04108914)
RootPos, (0.09980221, 0.88739810, 0.36721460)
Hand_Start, (0.00000000, 0.00000000, 0.00000000)
Hand_ForearmStub, (0.00000000, 0.00000000, 0.00000000)
Hand_Thumb0, (0.02006930, 0.01155408, 0.01049652)
Hand_Thumb1, (0.03565403, 0.01850291, 0.02856528)
Hand_Thumb2, (0.06248609, 0.02418067, 0.04602644)
Hand_Thumb3, (0.09494530, 0.03005991, 0.05336188)
Hand_Index1, (0.09599625, 0.00731646, 0.02355067)
Hand_Index2, (0.13348320, 0.01188593, 0.02004008)
Hand_Index3, (0.15675830, 0.01838654, 0.01745552)
Hand_Middle1, (0.09564661, 0.00254317, 0.00172591)
Hand_Middle2, (0.13782940, 0.00972125, -0.00171122)
Hand_Middle3, (0.16441890, 0.01654590, -0.00403593)
Hand_Ring1, (0.08869381, 0.00652931, -0.01746525)
Hand_Ring2, (0.12743240, 0.01028267, -0.01990069)
Hand_Ring3, (0.15348290, 0.01534928, -0.02125785)
Hand_Pinky0, (0.03407356, 0.00941985, -0.02299857)
Hand_Pinky1, (0.07789583, 0.01369118, -0.03505405)
Hand_Pinky2, (0.10831940, 0.01134055, -0.03860775)
Hand_Pinky3, (0.12815580, 0.01500755, -0.04097825)
Hand_ThumbTip, (0.11471830, 0.03428759, 0.06741051)
Hand_IndexTip, (0.17856520, 0.02159635, 0.01352893)
Hand_MiddleTip, (0.18916580, 0.01831389, -0.00705238)
Hand_RingTip, (0.17776820, 0.01743036, -0.02181507)
Hand_PinkyTip, (0.15000290, 0.01708992, -0.04168770)
RootPos, (0.09340600, 0.92306600, 0.36528390)
Hand_Start, (0.00000000, 0.00000000, 0.00000000)
Hand_ForearmStub, (0.00000000, 0.00000000, 0.00000000)
Hand_Thumb0, (0.02006930, 0.01155411, 0.01049652)
Hand_Thumb1, (0.03548856, 0.01815058, 0.02883725)
Hand_Thumb2, (0.06237062, 0.02274211, 0.04653932)
Hand_Thumb3, (0.09493475, 0.02778295, 0.05403202)
Hand_Index1, (0.09599622, 0.00731644, 0.02355069)
Hand_Index2, (0.13371830, 0.00985419, 0.02053598)
Hand_Index3, (0.15736850, 0.01496466, 0.01825214)
Hand_Middle1, (0.09564660, 0.00254314, 0.00172591)
Hand_Middle2, (0.13814740, 0.00767413, -0.00145002)
Hand_Middle3, (0.16514630, 0.01269646, -0.00364382)
Hand_Ring1, (0.08869379, 0.00652931, -0.01746524)
Hand_Ring2, (0.12753920, 0.00866898, -0.02013971)
Hand_Ring3, (0.15384080, 0.01209268, -0.02176816)
Hand_Pinky0, (0.03407355, 0.00941982, -0.02299857)
Hand_Pinky1, (0.07789584, 0.01369120, -0.03505406)
Hand_Pinky2, (0.10814020, 0.01007682, -0.03904885)
Hand_Pinky3, (0.12809740, 0.01260394, -0.04185532)
Hand_ThumbTip, (0.11456870, 0.03109704, 0.06851427)
Hand_IndexTip, (0.17936880, 0.01697136, 0.01461610)
Hand_MiddleTip, (0.18997350, 0.01282385, -0.00651309)
Hand_RingTip, (0.17820150, 0.01267549, -0.02255974)
Hand_PinkyTip, (0.15000900, 0.01335711, -0.04305794)
RootPos, (0.07529917, 0.97604040, 0.34560130)
Hand_Start, (0.00000000, 0.00000000, 0.00000000)
Hand_ForearmStub, (0.00000000, 0.00000000, 0.00000000)
Hand_Thumb0, (0.02006930, 0.01155408, 0.01049652)
Hand_Thumb1, (0.03530407, 0.01776030, 0.02912540)
Hand_Thumb2, (0.06210860, 0.02157651, 0.04712659)
Hand_Thumb3, (0.09471744, 0.02616429, 0.05471529)
Hand_Index1, (0.09599622, 0.00731645, 0.02355068)
Hand_Index2, (0.13381830, 0.00783221, 0.02077555)
Hand_Index3, (0.15766800, 0.01198989, 0.01863613)
Hand_Middle1, (0.09564660, 0.00254314, 0.00172589)
Hand_Middle2, (0.13830630, 0.00609633, -0.00147593)
Hand_Middle3, (0.16546410, 0.01016296, -0.00368843)
Hand_Ring1, (0.08869381, 0.00652932, -0.01746525)
Hand_Ring2, (0.12757890, 0.00759532, -0.02020521)
Hand_Ring3, (0.15394810, 0.01044013, -0.02185440)
Hand_Pinky0, (0.03407355, 0.00941984, -0.02299858)
Hand_Pinky1, (0.07789586, 0.01369119, -0.03505408)
Hand_Pinky2, (0.10809740, 0.00998401, -0.03928125)
Hand_Pinky3, (0.12804230, 0.01240753, -0.04226131)
Hand_ThumbTip, (0.11435510, 0.02894802, 0.06930377)
Hand_IndexTip, (0.17973720, 0.01340696, 0.01514326)
Hand_MiddleTip, (0.19028640, 0.00959009, -0.00654578)
Hand_RingTip, (0.17831420, 0.01082457, -0.02260057)
Hand_PinkyTip, (0.14994610, 0.01307310, -0.04364335)
RootPos, (0.05351429, 1.01744200, 0.32969130)
Hand_Start, (0.00000000, 0.00000000, 0.00000000)
Hand_ForearmStub, (0.00000000, 0.00000000, 0.00000000)
Hand_Thumb0, (0.02006931, 0.01155414, 0.01049651)
Hand_Thumb1, (0.03516395, 0.01746570, 0.02933411)
Hand_Thumb2, (0.06140804, 0.02241507, 0.04787701)
Hand_Thumb3, (0.09367370, 0.02823943, 0.05606114)
Hand_Index1, (0.09599625, 0.00731646, 0.02355068)
Hand_Index2, (0.13381980, 0.00725408, 0.02074772)
Hand_Index3, (0.15761870, 0.01168420, 0.01859063)
Hand_Middle1, (0.09564662, 0.00254317, 0.00172591)
Hand_Middle2, (0.13831670, 0.00574328, -0.00170249)
Hand_Middle3, (0.16537980, 0.01034589, -0.00402275)
Hand_Ring1, (0.08869381, 0.00652930, -0.01746525)
Hand_Ring2, (0.12757080, 0.00774116, -0.02025886)
Hand_Ring3, (0.15383770, 0.01145868, -0.02180106)
Hand_Pinky0, (0.03407356, 0.00941981, -0.02299858)
Hand_Pinky1, (0.07789586, 0.01369117, -0.03505408)
Hand_Pinky2, (0.10824700, 0.01114064, -0.03906001)
Hand_Pinky3, (0.12809570, 0.01445199, -0.04181939)
Hand_ThumbTip, (0.11312010, 0.03202302, 0.07068063)
Hand_IndexTip, (0.17963830, 0.01371371, 0.01508688)
Hand_MiddleTip, (0.19019880, 0.01053170, -0.00695804)
Hand_RingTip, (0.17815320, 0.01314861, -0.02236132)
Hand_PinkyTip, (0.14995890, 0.01613899, -0.04295254)
RootPos, (0.03539009, 1.04104500, 0.32158690)
Hand_Start, (0.00000000, 0.00000000, 0.00000000)
Hand_ForearmStub, (0.00000000, 0.00000000, 0.00000000)
Hand_Thumb0, (0.02006930, 0.01155411, 0.01049652)
Hand_Thumb1, (0.03505056, 0.01722831, 0.02949692)
Hand_Thumb2, (0.06023637, 0.02461666, 0.04868484)
Hand_Thumb3, (0.09170180, 0.03277945, 0.05791906)
Hand_Index1, (0.09599622, 0.00731646, 0.02355068)
Hand_Index2, (0.13378960, 0.00707993, 0.02037457)
Hand_Index3, (0.15745830, 0.01205449, 0.01798436)
Hand_Middle1, (0.09564661, 0.00254316, 0.00172591)
Hand_Middle2, (0.13826880, 0.00574433, -0.00225215)
Hand_Middle3, (0.16518600, 0.01098779, -0.00488789)
Hand_Ring1, (0.08869378, 0.00652927, -0.01746523)
Hand_Ring2, (0.12751790, 0.00875758, -0.02036753)
Hand_Ring3, (0.15353080, 0.01398845, -0.02182046)
Hand_Pinky0, (0.03407355, 0.00941987, -0.02299858)
Hand_Pinky1, (0.07789585, 0.01369113, -0.03505406)
Hand_Pinky2, (0.10838820, 0.01283489, -0.03869070)
Hand_Pinky3, (0.12800790, 0.01752591, -0.04106063)
Hand_ThumbTip, (0.11038340, 0.03840408, 0.07293804)
Hand_IndexTip, (0.17934210, 0.01498472, 0.01427332)
Hand_MiddleTip, (0.18995100, 0.01201981, -0.00809222)
Hand_RingTip, (0.17766460, 0.01742317, -0.02223890)
Hand_PinkyTip, (0.14970140, 0.02085235, -0.04173592)
RootPos, (0.02063359, 1.06243900, 0.31395530)
Hand_Start, (0.00000000, 0.00000000, 0.00000000)
Hand_ForearmStub, (0.00000000, 0.00000000, 0.00000000)
Hand_Thumb0, (0.02006930, 0.01155411, 0.01049652)
Hand_Thumb1, (0.03496016, 0.01703981, 0.02962293)
Hand_Thumb2, (0.05883514, 0.02705314, 0.04929037)
Hand_Thumb3, (0.08922631, 0.03770390, 0.05953291)
Hand_Index1, (0.09599623, 0.00731648, 0.02355069)
Hand_Index2, (0.13374530, 0.00600132, 0.02012157)
Hand_Index3, (0.15741450, 0.01089151, 0.01756760)
Hand_Middle1, (0.09564661, 0.00254315, 0.00172591)
Hand_Middle2, (0.13816640, 0.00585232, -0.00315692)
Hand_Middle3, (0.16479080, 0.01219459, -0.00630289)
Hand_Ring1, (0.08869381, 0.00652933, -0.01746526)
Hand_Ring2, (0.12729200, 0.01063616, -0.02120817)
Hand_Ring3, (0.15259260, 0.01858159, -0.02290956)
Hand_Pinky0, (0.03407355, 0.00941988, -0.02299859)
Hand_Pinky1, (0.07789584, 0.01369124, -0.03505408)
Hand_Pinky2, (0.10832490, 0.01547993, -0.03887700)
Hand_Pinky3, (0.12735850, 0.02219325, -0.04115938)
Hand_ThumbTip, (0.10686070, 0.04524089, 0.07497411)
Hand_IndexTip, (0.17923400, 0.01410719, 0.01371708)
Hand_MiddleTip, (0.18939520, 0.01464278, -0.00994546)
Hand_RingTip, (0.17611390, 0.02497210, -0.02347933)
Hand_PinkyTip, (0.14856520, 0.02785804, -0.04171988)
RootPos, (0.00675506, 1.07270800, 0.31146980)
Hand_Start, (0.00000000, 0.00000000, 0.00000000)
Hand_ForearmStub, (0.00000000, 0.00000000, 0.00000000)
Hand_Thumb0, (0.02006929, 0.01155411, 0.01049652)
Hand_Thumb1, (0.03485166, 0.01681433, 0.02976986)
Hand_Thumb2, (0.05813532, 0.02757420, 0.04974948)
Hand_Thumb3, (0.08803368, 0.03896038, 0.06063138)
Hand_Index1, (0.09599624, 0.00731648, 0.02355066)
Hand_Index2, (0.13370720, 0.00551944, 0.01992615)
Hand_Index3, (0.15733380, 0.01054721, 0.01724827)
Hand_Middle1, (0.09564660, 0.00254320, 0.00172588)
Hand_Middle2, (0.13802690, 0.00635620, -0.00393987)
Hand_Middle3, (0.16421060, 0.01415265, -0.00749084)
Hand_Ring1, (0.08869380, 0.00652928, -0.01746524)
Hand_Ring2, (0.12698920, 0.01144775, -0.02293976)
Hand_Ring3, (0.15175050, 0.02072108, -0.02559057)
Hand_Pinky0, (0.03407356, 0.00941979, -0.02299857)
Hand_Pinky1, (0.07789586, 0.01369121, -0.03505409)
Hand_Pinky2, (0.10797300, 0.01697458, -0.04037680)
Hand_Pinky3, (0.12649360, 0.02469520, -0.04352797)
Hand_ThumbTip, (0.10518250, 0.04700691, 0.07635976)
Hand_IndexTip, (0.17907410, 0.01414902, 0.01329224)
Hand_MiddleTip, (0.18853340, 0.01828289, -0.01148811)
Hand_RingTip, (0.17478290, 0.02859270, -0.02699059)
Hand_PinkyTip, (0.14732310, 0.03146761, -0.04507575)
RootPos, (-0.00650253, 1.08630200, 0.30007000)
Hand_Start, (0.00000000, 0.00000000, 0.00000000)
Hand_ForearmStub, (0.00000000, 0.00000000, 0.00000000)
Hand_Thumb0, (0.02006929, 0.01155414, 0.01049650)
Hand_Thumb1, (0.03471360, 0.01652843, 0.02995033)
Hand_Thumb2, (0.05760107, 0.02748694, 0.05027678)
Hand_Thumb3, (0.08724251, 0.03922071, 0.06148736)
Hand_Index1, (0.09599623, 0.00731646, 0.02355068)
Hand_Index2, (0.13365870, 0.00567661, 0.01938792)
Hand_Index3, (0.15713780, 0.01118435, 0.01637695)
Hand_Middle1, (0.09564660, 0.00254319, 0.00172589)
Hand_Middle2, (0.13781750, 0.00644057, -0.00528510)
Hand_Middle3, (0.16357960, 0.01520018, -0.00959380)
Hand_Ring1, (0.08869381, 0.00652932, -0.01746527)
Hand_Ring2, (0.12687120, 0.01033420, -0.02444436)
Hand_Ring3, (0.15187090, 0.01852311, -0.02819950)
Hand_Pinky0, (0.03407357, 0.00941986, -0.02299860)
Hand_Pinky1, (0.07789586, 0.01369118, -0.03505408)
Hand_Pinky2, (0.10748360, 0.01636895, -0.04287319)
Hand_Pinky3, (0.12597160, 0.02309866, -0.04791870)
Hand_ThumbTip, (0.10409060, 0.04743041, 0.07745460)
Hand_IndexTip, (0.17871800, 0.01535851, 0.01211866)
Hand_MiddleTip, (0.18754020, 0.02056007, -0.01426255)
Hand_RingTip, (0.17517510, 0.02525383, -0.03065362)
Hand_PinkyTip, (0.14691700, 0.02851387, -0.05167321)
RootPos, (-0.01522756, 1.09525300, 0.29733550)
Hand_Start, (0.00000000, 0.00000000, 0.00000000)
Hand_ForearmStub, (0.00000000, 0.00000000, 0.00000000)
Hand_Thumb0, (0.02006931, 0.01155411, 0.01049651)
Hand_Thumb1, (0.03483182, 0.01677309, 0.02979627)
Hand_Thumb2, (0.05744179, 0.02873361, 0.04986675)
Hand_Thumb3, (0.08687191, 0.04145371, 0.06054570)
Hand_Index1, (0.09599624, 0.00731647, 0.02355067)
Hand_Index2, (0.13371320, 0.00602413, 0.01977666)
Hand_Index3, (0.15713860, 0.01188137, 0.01701819)
Hand_Middle1, (0.09564663, 0.00254312, 0.00172591)
Hand_Middle2, (0.13775940, 0.00693534, -0.00534160)
Hand_Middle3, (0.16333650, 0.01622033, -0.00965233)
Hand_Ring1, (0.08869380, 0.00652932, -0.01746525)
Hand_Ring2, (0.12693490, 0.00905727, -0.02467126)
Hand_Ring3, (0.15225160, 0.01606214, -0.02868900)
Hand_Pinky0, (0.03407357, 0.00941981, -0.02299857)
Hand_Pinky1, (0.07789585, 0.01369118, -0.03505408)
Hand_Pinky2, (0.10727430, 0.01501232, -0.04393697)
Hand_Pinky3, (0.12594030, 0.02023995, -0.05000352)
Hand_ThumbTip, (0.10348290, 0.05045337, 0.07633465)
Hand_IndexTip, (0.17871290, 0.01630385, 0.01298706)
Hand_MiddleTip, (0.18716530, 0.02213741, -0.01432227)
Hand_RingTip, (0.17586410, 0.02147987, -0.03142907)
Hand_PinkyTip, (0.14704000, 0.02380732, -0.05492372)
RootPos, (-0.01946171, 1.10043200, 0.29716500)
Hand_Start, (0.00000000, 0.00000000, 0.00000000)
Hand_ForearmStub, (0.00000000, 0.00000000, 0.00000000)
Hand_Thumb0, (0.02006929, 0.01155413, 0.01049651)
Hand_Thumb1, (0.03523772, 0.01762055, 0.02922531)
Hand_Thumb2, (0.05525666, 0.03514973, 0.04790844)
Hand_Thumb3, (0.08224460, 0.05293029, 0.05778147)
Hand_Index1, (0.09599624, 0.00731647, 0.02355066)
Hand_Index2, (0.13381220, 0.00650566, 0.02076122)
Hand_Index3, (0.15714370, 0.01296871, 0.01863152)
Hand_Middle1, (0.09564662, 0.00254311, 0.00172593)
Hand_Middle2, (0.13783100, 0.00642113, -0.00521423)
Hand_Middle3, (0.16356690, 0.01528334, -0.00946927)
Hand_Ring1, (0.08869381, 0.00652932, -0.01746525)
Hand_Ring2, (0.12700660, 0.00783710, -0.02461469)
Hand_Ring3, (0.15254210, 0.01399727, -0.02863175)
Hand_Pinky0, (0.03407355, 0.00941982, -0.02299857)
Hand_Pinky1, (0.07789583, 0.01369122, -0.03505408)
Hand_Pinky2, (0.10700670, 0.01458762, -0.04482656)
Hand_Pinky3, (0.12557770, 0.01923471, -0.05161433)
Hand_ThumbTip, (0.09674472, 0.06603210, 0.07275809)
Hand_IndexTip, (0.17867480, 0.01804445, 0.01518076)
Hand_MiddleTip, (0.18751950, 0.02071688, -0.01409348)
Hand_RingTip, (0.17633350, 0.01856066, -0.03138069)
Hand_PinkyTip, (0.14657810, 0.02215820, -0.05732088)
RootPos, (-0.02215054, 1.10228200, 0.29553450)
Hand_Start, (0.00000000, 0.00000000, 0.00000000)
Hand_ForearmStub, (0.00000000, 0.00000000, 0.00000000)
Hand_Thumb0, (0.02006930, 0.01155412, 0.01049652)
Hand_Thumb1, (0.03555689, 0.01829587, 0.02872652)
Hand_Thumb2, (0.05229771, 0.04063903, 0.04538835)
Hand_Thumb3, (0.07595456, 0.06284236, 0.05484028)
Hand_Index1, (0.09599621, 0.00731648, 0.02355068)
Hand_Index2, (0.13387750, 0.00681223, 0.02175182)
Hand_Index3, (0.15708520, 0.01386962, 0.02024799)
Hand_Middle1, (0.09564662, 0.00254317, 0.00172589)
Hand_Middle2, (0.13791910, 0.00401445, -0.00559517)
Hand_Middle3, (0.16421130, 0.01084003, -0.01019020)
Hand_Ring1, (0.08869382, 0.00652928, -0.01746526)
Hand_Ring2, (0.12675140, 0.00615674, -0.02596076)
Hand_Ring3, (0.15235300, 0.01126799, -0.03091862)
Hand_Pinky0, (0.03407356, 0.00941988, -0.02299860)
Hand_Pinky1, (0.07789586, 0.01369120, -0.03505410)
Hand_Pinky2, (0.10650810, 0.01472146, -0.04619056)
Hand_Pinky3, (0.12472630, 0.01926933, -0.05393452)
Hand_ThumbTip, (0.08767837, 0.07929439, 0.06891490)
Hand_IndexTip, (0.17849870, 0.01974434, 0.01738282)
Hand_MiddleTip, (0.18850190, 0.01401820, -0.01513994)
Hand_RingTip, (0.17619400, 0.01486930, -0.03453170)
Hand_PinkyTip, (0.14542410, 0.02197324, -0.06074766)
RootPos, (-0.02432751, 1.10290100, 0.29667470)
Hand_Start, (0.00000000, 0.00000000, 0.00000000)
Hand_ForearmStub, (0.00000000, 0.00000000, 0.00000000)
Hand_Thumb0, (0.02006929, 0.01155412, 0.01049652)
Hand_Thumb1, (0.03585251, 0.01892881, 0.02822091)
Hand_Thumb2, (0.05092629, 0.04357927, 0.04312824)
Hand_Thumb3, (0.07261793, 0.06783547, 0.05224307)
Hand_Index1, (0.09599625, 0.00731640, 0.02355070)
Hand_Index2, (0.13391850, 0.00669909, 0.02361019)
Hand_Index3, (0.15709290, 0.01401327, 0.02326540)
Hand_Middle1, (0.09564663, 0.00254312, 0.00172591)
Hand_Middle2, (0.13784850, 0.00157012, -0.00607032)
Hand_Middle3, (0.16447270, 0.00661295, -0.01104038)
Hand_Ring1, (0.08869383, 0.00652927, -0.01746524)
Hand_Ring2, (0.12651950, 0.00556871, -0.02689848)
Hand_Ring3, (0.15198690, 0.01078298, -0.03240922)
Hand_Pinky0, (0.03407358, 0.00941979, -0.02299857)
Hand_Pinky1, (0.07789586, 0.01369119, -0.03505406)
Hand_Pinky2, (0.10614150, 0.01615164, -0.04688096)
Hand_Pinky3, (0.12390190, 0.02189747, -0.05488743)
Hand_ThumbTip, (0.08295111, 0.08585022, 0.06546832)
Hand_IndexTip, (0.17849190, 0.02034872, 0.02147626)
Hand_MiddleTip, (0.18886590, 0.00790917, -0.01632498)
Hand_RingTip, (0.17571170, 0.01462513, -0.03650654)
Hand_PinkyTip, (0.14425950, 0.02595402, -0.06204582)
RootPos, (-0.02356727, 1.10196900, 0.29733980)
Hand_Start, (0.00000000, 0.00000000, 0.00000000)
Hand_ForearmStub, (0.00000000, 0.00000000, 0.00000000)
Hand_Thumb0, (0.02006929, 0.01155409, 0.01049653)
Hand_Thumb1, (0.03776538, 0.02329947, 0.02340176)
Hand_Thumb2, (0.05522578, 0.04991080, 0.03003947)
Hand_Thumb3, (0.07845774, 0.07443435, 0.02911965)
Hand_Index1, (0.09599622, 0.00731651, 0.02355066)
Hand_Index2, (0.13377770, 0.00998073, 0.02553545)
Hand_Index3, (0.15515580, 0.02151742, 0.02627859)
Hand_Middle1, (0.09564660, 0.00254320, 0.00172589)
Hand_Middle2, (0.13786190, 0.00600601, -0.00524589)
Hand_Middle3, (0.16198320, 0.01874713, -0.00909394)
Hand_Ring1, (0.08869380, 0.00652927, -0.01746523)
Hand_Ring2, (0.12605760, 0.01330617, -0.02633782)
Hand_Ring3, (0.14760260, 0.02849887, -0.02967517)
Hand_Pinky0, (0.03407356, 0.00941982, -0.02299857)
Hand_Pinky1, (0.07789586, 0.01369119, -0.03505407)
Hand_Pinky2, (0.10380470, 0.02836099, -0.04262181)
Hand_Pinky3, (0.11639230, 0.04409583, -0.04517519)
Hand_ThumbTip, (0.09178663, 0.09454832, 0.03401636)
Hand_IndexTip, (0.17467730, 0.03245233, 0.02550555)
Hand_MiddleTip, (0.18460820, 0.02850005, -0.01329208)
Hand_RingTip, (0.16740180, 0.04261033, -0.03148309)
Hand_PinkyTip, (0.13134460, 0.06014641, -0.04614393)
RootPos, (-0.02343124, 1.10100600, 0.29519100)
Hand_Start, (0.00000000, 0.00000000, 0.00000000)
Hand_ForearmStub, (0.00000000, 0.00000000, 0.00000000)
Hand_Thumb0, (0.02006932, 0.01155407, 0.01049653)
Hand_Thumb1, (0.03899717, 0.02711161, 0.01466174)
Hand_Thumb2, (0.06406346, 0.04765980, 0.01210392)
Hand_Thumb3, (0.09125505, 0.06043560, -0.00336764)
Hand_Index1, (0.09599624, 0.00731647, 0.02355069)
Hand_Index2, (0.12628440, 0.02997846, 0.02080455)
Hand_Index3, (0.12793380, 0.05419302, 0.01953978)
Hand_Middle1, (0.09564663, 0.00254313, 0.00172591)
Hand_Middle2, (0.12843780, 0.02984201, -0.00298967)
Hand_Middle3, (0.12504720, 0.05715785, -0.00183740)
Hand_Ring1, (0.08869379, 0.00652935, -0.01746524)
Hand_Ring2, (0.11795810, 0.03203022, -0.02120708)
Hand_Ring3, (0.11721320, 0.05826028, -0.01701519)
Hand_Pinky0, (0.03407355, 0.00941987, -0.02299859)
Hand_Pinky1, (0.07789586, 0.01369118, -0.03505408)
Hand_Pinky2, (0.09602296, 0.03844678, -0.03353374)
Hand_Pinky3, (0.09437250, 0.05780466, -0.02760909)
Hand_ThumbTip, (0.11013040, 0.07299151, -0.01297378)
Hand_IndexTip, (0.12581790, 0.07636920, 0.01730381)
Hand_MiddleTip, (0.11841300, 0.08119688, -0.00018039)
Hand_RingTip, (0.11259480, 0.08141253, -0.01092783)
Hand_PinkyTip, (0.09102536, 0.07733148, -0.01814158)
RootPos, (-0.02571274, 1.10186500, 0.29031330)
Hand_Start, (0.00000000, 0.00000000, 0.00000000)
Hand_ForearmStub, (0.00000000, 0.00000000, 0.00000000)
Hand_Thumb0, (0.02006929, 0.01155410, 0.01049653)
Hand_Thumb1, (0.03872360, 0.02594611, 0.01840458)
Hand_Thumb2, (0.06594471, 0.04336981, 0.02194234)
Hand_Thumb3, (0.09508601, 0.05434052, 0.00881221)
Hand_Index1, (0.09599623, 0.00731644, 0.02355068)
Hand_Index2, (0.11296570, 0.04081034, 0.01819569)
Hand_Index3, (0.09766586, 0.05965688, 0.01937603)
Hand_Middle1, (0.09564660, 0.00254314, 0.00172591)
Hand_Middle2, (0.11975430, 0.03789554, -0.00170283)
Hand_Middle3, (0.10381230, 0.06014599, 0.00141907)
Hand_Ring1, (0.08869381, 0.00652932, -0.01746527)
Hand_Ring2, (0.11515710, 0.03507058, -0.01987177)
Hand_Ring3, (0.11010740, 0.06066964, -0.01483851)
Hand_Pinky0, (0.03407354, 0.00941987, -0.02299860)
Hand_Pinky1, (0.07789585, 0.01369116, -0.03505407)
Hand_Pinky2, (0.09949421, 0.03535325, -0.03222396)
Hand_Pinky3, (0.09983148, 0.05489195, -0.02668516)
Hand_ThumbTip, (0.11540800, 0.06463005, -0.00053409)
Hand_IndexTip, (0.07898529, 0.07194810, 0.02048052)
Hand_MiddleTip, (0.08397124, 0.07475410, 0.00561106)
Hand_RingTip, (0.09967754, 0.08152930, -0.00773191)
Hand_PinkyTip, (0.09625988, 0.07444965, -0.01736474)
RootPos, (-0.02661884, 1.10319500, 0.28828730)
Hand_Start, (0.00000000, 0.00000000, 0.00000000)
Hand_ForearmStub, (0.00000000, 0.00000000, 0.00000000)
Hand_Thumb0, (0.02006931, 0.01155405, 0.01049654)
Hand_Thumb1, (0.03838615, 0.02492590, 0.02066206)
Hand_Thumb2, (0.06267551, 0.04590496, 0.02585762)
Hand_Thumb3, (0.09036734, 0.06150131, 0.01437327)
Hand_Index1, (0.09599625, 0.00731648, 0.02355066)
Hand_Index2, (0.12088170, 0.03545110, 0.01829387)
Hand_Index3, (0.11275870, 0.05835610, 0.01807625)
Hand_Middle1, (0.09564661, 0.00254311, 0.00172591)
Hand_Middle2, (0.12599640, 0.03254257, -0.00292781)
Hand_Middle3, (0.11698370, 0.05848903, -0.00079862)
Hand_Ring1, (0.08869378, 0.00652932, -0.01746525)
Hand_Ring2, (0.11493070, 0.03526162, -0.02006749)
Hand_Ring3, (0.11001030, 0.06088651, -0.01503716)
Hand_Pinky0, (0.03407355, 0.00941987, -0.02299860)
Hand_Pinky1, (0.07789584, 0.01369123, -0.03505411)
Hand_Pinky2, (0.09794652, 0.03671926, -0.03167433)
Hand_Pinky3, (0.09614408, 0.05604782, -0.02569848)
Hand_ThumbTip, (0.10933180, 0.07510576, 0.00653239)
Hand_IndexTip, (0.09889581, 0.07593583, 0.01790436)
Hand_MiddleTip, (0.10223510, 0.07835442, 0.00273366)
Hand_RingTip, (0.09935459, 0.08158493, -0.00779559)
Hand_PinkyTip, (0.08963881, 0.07458875, -0.01589822)
RootPos, (-0.02523685, 1.10461900, 0.28578890)
Hand_Start, (0.00000000, 0.00000000, 0.00000000)
Hand_ForearmStub, (0.00000000, 0.00000000, 0.00000000)
Hand_Thumb0, (0.02006932, 0.01155407, 0.01049652)
Hand_Thumb1, (0.03839474, 0.02495018, 0.02061449)
Hand_Thumb2, (0.06146472, 0.04740041, 0.02518094)
Hand_Thumb3, (0.08816640, 0.06425429, 0.01314179)
Hand_Index1, (0.09599624, 0.00731642, 0.02355069)
Hand_Index2, (0.12211470, 0.03442960, 0.01894814)
Hand_Index3, (0.11572340, 0.05787039, 0.01835704)
Hand_Middle1, (0.09564662, 0.00254313, 0.00172591)
Hand_Middle2, (0.12700380, 0.03150209, -0.00283894)
Hand_Middle3, (0.11798990, 0.05745133, -0.00075032)
Hand_Ring1, (0.08869381, 0.00652928, -0.01746524)
Hand_Ring2, (0.11375520, 0.03630117, -0.01996773)
Hand_Ring3, (0.10468610, 0.06054546, -0.01395876)
Hand_Pinky0, (0.03407357, 0.00941981, -0.02299857)
Hand_Pinky1, (0.07789584, 0.01369121, -0.03505407)
Hand_Pinky2, (0.09603082, 0.03821225, -0.03136875)
Hand_Pinky3, (0.09043165, 0.05650390, -0.02454098)
Hand_ThumbTip, (0.10629010, 0.07873511, 0.00489268)
Hand_IndexTip, (0.10352600, 0.07662965, 0.01760096)
Hand_MiddleTip, (0.10287310, 0.07703483, 0.00279980)
Hand_RingTip, (0.08946953, 0.07774859, -0.00577814)
Hand_PinkyTip, (0.07905001, 0.07198314, -0.01391174)
RootPos, (-0.02524791, 1.10490900, 0.28456660)
Hand_Start, (0.00000000, 0.00000000, 0.00000000)
Hand_ForearmStub, (0.00000000, 0.00000000, 0.00000000)
Hand_Thumb0, (0.02006931, 0.01155406, 0.01049653)
Hand_Thumb1, (0.03835249, 0.02483176, 0.02084439)
Hand_Thumb2, (0.06184234, 0.04672417, 0.02594711)
Hand_Thumb3, (0.08893664, 0.06320535, 0.01427475)
Hand_Index1, (0.09599625, 0.00731644, 0.02355067)
Hand_Index2, (0.12201840, 0.03455124, 0.01912445)
Hand_Index3, (0.11548050, 0.05795113, 0.01851446)
Hand_Middle1, (0.09564662, 0.00254316, 0.00172589)
Hand_Middle2, (0.12668610, 0.03188963, -0.00252435)
Hand_Middle3, (0.11754060, 0.05779696, -0.00048761)
Hand_Ring1, (0.08869378, 0.00652934, -0.01746526)
Hand_Ring2, (0.11459480, 0.03556811, -0.02003065)
Hand_Ring3, (0.10465930, 0.05942319, -0.01383669)
Hand_Pinky0, (0.03407358, 0.00941980, -0.02299858)
Hand_Pinky1, (0.07789584, 0.01369118, -0.03505408)
Hand_Pinky2, (0.09684978, 0.03766894, -0.03196218)
Hand_Pinky3, (0.09087565, 0.05574695, -0.02488762)
Hand_ThumbTip, (0.10738490, 0.07740952, 0.00626762)
Hand_IndexTip, (0.10326660, 0.07669636, 0.01767938)
Hand_MiddleTip, (0.10224760, 0.07725890, 0.00297589)
Hand_RingTip, (0.08790406, 0.07503989, -0.00548238)
Hand_PinkyTip, (0.07836598, 0.07006632, -0.01390613)
RootPos, (-0.02641865, 1.10466600, 0.28222380)
Hand_Start, (0.00000000, 0.00000000, 0.00000000)
Hand_ForearmStub, (0.00000000, 0.00000000, 0.00000000)
Hand_Thumb0, (0.02006932, 0.01155405, 0.01049653)
Hand_Thumb1, (0.03825963, 0.02457645, 0.02132147)
Hand_Thumb2, (0.06217043, 0.04577118, 0.02733381)
Hand_Thumb3, (0.08968298, 0.06185050, 0.01608718)
Hand_Index1, (0.09599622, 0.00731647, 0.02355067)
Hand_Index2, (0.12183090, 0.03477050, 0.01938879)
Hand_Index3, (0.11482680, 0.05803497, 0.01877726)
Hand_Middle1, (0.09564660, 0.00254320, 0.00172589)
Hand_Middle2, (0.12644230, 0.03216019, -0.00241925)
Hand_Middle3, (0.11655580, 0.05778619, -0.00028717)
Hand_Ring1, (0.08869378, 0.00652931, -0.01746524)
Hand_Ring2, (0.11489390, 0.03527949, -0.02023665)
Hand_Ring3, (0.10433490, 0.05881261, -0.01384538)
Hand_Pinky0, (0.03407357, 0.00941985, -0.02299859)
Hand_Pinky1, (0.07789585, 0.01369119, -0.03505408)
Hand_Pinky2, (0.09720851, 0.03739705, -0.03208814)
Hand_Pinky3, (0.09076931, 0.05525753, -0.02487053)
Hand_ThumbTip, (0.10846480, 0.07569216, 0.00822188)
Hand_IndexTip, (0.10210990, 0.07644108, 0.01790939)
Hand_MiddleTip, (0.10026310, 0.07638318, 0.00336412)
Hand_RingTip, (0.08636514, 0.07286591, -0.00524282)
Hand_PinkyTip, (0.07699540, 0.06827282, -0.01377945)
RootPos, (-0.02712807, 1.10426200, 0.28116880)
Hand_Start, (0.00000000, 0.00000000, 0.00000000)
Hand_ForearmStub, (0.00000000, 0.00000000, 0.00000000)
Hand_Thumb0, (0.02006928, 0.01155413, 0.01049652)
Hand_Thumb1, (0.03816953, 0.02433463, 0.02175218)
Hand_Thumb2, (0.06221517, 0.04515858, 0.02847977)
Hand_Thumb3, (0.08993917, 0.06114911, 0.01763296)
Hand_Index1, (0.09599623, 0.00731643, 0.02355069)
Hand_Index2, (0.12193080, 0.03469413, 0.01950807)
Hand_Index3, (0.11485910, 0.05793789, 0.01888531)
Hand_Middle1, (0.09564661, 0.00254310, 0.00172593)
Hand_Middle2, (0.12699150, 0.03156907, -0.00248360)
Hand_Middle3, (0.11798760, 0.05752892, -0.00048440)
Hand_Ring1, (0.08869379, 0.00652933, -0.01746526)
Hand_Ring2, (0.11549720, 0.03470039, -0.02040886)
Hand_Ring3, (0.10530680, 0.05840861, -0.01406659)
Hand_Pinky0, (0.03407357, 0.00941979, -0.02299856)
Hand_Pinky1, (0.07789586, 0.01369118, -0.03505408)
Hand_Pinky2, (0.09762605, 0.03706827, -0.03223005)
Hand_Pinky3, (0.09110284, 0.05487722, -0.02496106)
Hand_ThumbTip, (0.10887700, 0.07486705, 0.00992651)
Hand_IndexTip, (0.10198510, 0.07623371, 0.01800017)
Hand_MiddleTip, (0.10218550, 0.07655413, 0.00311709)
Hand_RingTip, (0.08709249, 0.07211605, -0.00542054)
Hand_PinkyTip, (0.07666884, 0.06713207, -0.01384307)
RootPos, (-0.02644869, 1.10483000, 0.28238740)
Hand_Start, (0.00000000, 0.00000000, 0.00000000)
Hand_ForearmStub, (0.00000000, 0.00000000, 0.00000000)
Hand_Thumb0, (0.02006930, 0.01155411, 0.01049652)
Hand_Thumb1, (0.03767280, 0.02307107, 0.02373003)
Hand_Thumb2, (0.05970690, 0.04519458, 0.03279301)
Hand_Thumb3, (0.08676175, 0.06391089, 0.02506580)
Hand_Index1, (0.09599621, 0.00731650, 0.02355066)
Hand_Index2, (0.12589140, 0.03033980, 0.01971836)
Hand_Index3, (0.12445390, 0.05457764, 0.01865739)
Hand_Middle1, (0.09564660, 0.00254320, 0.00172587)
Hand_Middle2, (0.13296840, 0.02302899, -0.00376403)
Hand_Middle3, (0.13781090, 0.05014931, -0.00390373)
Hand_Ring1, (0.08869380, 0.00652933, -0.01746527)
Hand_Ring2, (0.12213790, 0.02538347, -0.02429959)
Hand_Ring3, (0.12589600, 0.05150191, -0.02116109)
Hand_Pinky0, (0.03407357, 0.00941984, -0.02299860)
Hand_Pinky1, (0.07789587, 0.01369119, -0.03505409)
Hand_Pinky2, (0.10257060, 0.03153637, -0.03910979)
Hand_Pinky3, (0.10487060, 0.05111920, -0.03423372)
Hand_ThumbTip, (0.10504480, 0.07954269, 0.01981348)
Hand_IndexTip, (0.11663690, 0.07550808, 0.01721722)
Hand_MiddleTip, (0.13551870, 0.07499822, -0.00252107)
Hand_RingTip, (0.11971440, 0.07400083, -0.01408987)
Hand_PinkyTip, (0.09983461, 0.06938165, -0.02313194)
RootPos, (-0.02290586, 1.10378000, 0.28314540)
Hand_Start, (0.00000000, 0.00000000, 0.00000000)
Hand_ForearmStub, (0.00000000, 0.00000000, 0.00000000)
Hand_Thumb0, (0.02006931, 0.01155407, 0.01049653)
Hand_Thumb1, (0.03603614, 0.01932637, 0.02788333)
Hand_Thumb2, (0.05131409, 0.04423539, 0.04213862)
Hand_Thumb3, (0.07437404, 0.06887689, 0.04387333)
Hand_Index1, (0.09599625, 0.00731643, 0.02355069)
Hand_Index2, (0.13262520, 0.01675418, 0.02077112)
Hand_Index3, (0.14626360, 0.03680415, 0.01913994)
Hand_Middle1, (0.09564660, 0.00254317, 0.00172589)
Hand_Middle2, (0.13765890, 0.00442455, -0.00688552)
Hand_Middle3, (0.16200510, 0.01636426, -0.01175247)
Hand_Ring1, (0.08869377, 0.00652936, -0.01746525)
Hand_Ring2, (0.12416830, 0.00759935, -0.03362415)
Hand_Ring3, (0.14641560, 0.01946092, -0.04202079)
Hand_Pinky0, (0.03407358, 0.00941979, -0.02299855)
Hand_Pinky1, (0.07789585, 0.01369119, -0.03505407)
Hand_Pinky2, (0.09888081, 0.01950440, -0.05672389)
Hand_Pinky3, (0.11061040, 0.03130209, -0.06837650)
Hand_ThumbTip, (0.08907643, 0.08849599, 0.04614042)
Hand_IndexTip, (0.15441270, 0.05750987, 0.01666479)
Hand_MiddleTip, (0.18364950, 0.02799833, -0.01631329)
Hand_RingTip, (0.16547130, 0.03378700, -0.04712529)
Hand_PinkyTip, (0.12356900, 0.04723809, -0.07613852)
RootPos, (-0.02159649, 1.10165700, 0.28342000)
Hand_Start, (0.00000000, 0.00000000, 0.00000000)
Hand_ForearmStub, (0.00000000, 0.00000000, 0.00000000)
Hand_Thumb0, (0.02006927, 0.01155415, 0.01049652)
Hand_Thumb1, (0.03526586, 0.01767990, 0.02918311)
Hand_Thumb2, (0.04532745, 0.04477217, 0.04407806)
Hand_Thumb3, (0.06309550, 0.07241708, 0.05195398)
Hand_Index1, (0.09599622, 0.00731648, 0.02355069)
Hand_Index2, (0.13386190, 0.00898374, 0.02217429)
Hand_Index3, (0.15403120, 0.02249323, 0.02100926)
Hand_Middle1, (0.09564660, 0.00254317, 0.00172591)
Hand_Middle2, (0.13686550, 0.00141510, -0.01020968)
Hand_Middle3, (0.16196190, 0.01018747, -0.01743424)
Hand_Ring1, (0.08869381, 0.00652933, -0.01746525)
Hand_Ring2, (0.12228380, 0.00748057, -0.03725164)
Hand_Ring3, (0.14394430, 0.01795859, -0.04852893)
Hand_Pinky0, (0.03407354, 0.00941987, -0.02299858)
Hand_Pinky1, (0.07789584, 0.01369122, -0.03505407)
Hand_Pinky2, (0.09567548, 0.02037020, -0.05919987)
Hand_Pinky3, (0.10575850, 0.03013186, -0.07388302)
Hand_ThumbTip, (0.07302419, 0.09368464, 0.05939190)
Hand_IndexTip, (0.17060730, 0.03735762, 0.01865444)
Hand_MiddleTip, (0.18505310, 0.01646783, -0.02464468)
Hand_RingTip, (0.16395660, 0.02872130, -0.05736544)
Hand_PinkyTip, (0.11842000, 0.04178521, -0.08752183)
RootPos, (-0.02053519, 1.09987000, 0.28560980)
Hand_Start, (0.00000000, 0.00000000, 0.00000000)
Hand_ForearmStub, (0.00000000, 0.00000000, 0.00000000)
Hand_Thumb0, (0.02006931, 0.01155408, 0.01049653)
Hand_Thumb1, (0.03548719, 0.01814760, 0.02883950)
Hand_Thumb2, (0.04560699, 0.04564281, 0.04293527)
Hand_Thumb3, (0.06250799, 0.07328207, 0.05254785)
Hand_Index1, (0.09599625, 0.00731644, 0.02355069)
Hand_Index2, (0.13390540, 0.00614421, 0.02358641)
Hand_Index3, (0.15594400, 0.01638322, 0.02322693)
Hand_Middle1, (0.09564660, 0.00254319, 0.00172589)
Hand_Middle2, (0.13677020, 0.00215290, -0.01057956)
Hand_Middle3, (0.16185160, 0.01074581, -0.01806741)
Hand_Ring1, (0.08869377, 0.00652934, -0.01746524)
Hand_Ring2, (0.12251090, 0.00855192, -0.03677880)
Hand_Ring3, (0.14419910, 0.01928524, -0.04775869)
Hand_Pinky0, (0.03407354, 0.00941987, -0.02299859)
Hand_Pinky1, (0.07789584, 0.01369122, -0.03505407)
Hand_Pinky2, (0.09607559, 0.02220222, -0.05830929)
Hand_Pinky3, (0.10629360, 0.03265505, -0.07241185)
Hand_ThumbTip, (0.07138301, 0.09430487, 0.06179370)
Hand_IndexTip, (0.17524510, 0.02759793, 0.02150748)
Hand_MiddleTip, (0.18505160, 0.01613393, -0.02564107)
Hand_RingTip, (0.16444930, 0.02960632, -0.05658026)
Hand_PinkyTip, (0.11919200, 0.04422409, -0.08589956)
RootPos, (-0.01967543, 1.09639200, 0.28857750)
Hand_Start, (0.00000000, 0.00000000, 0.00000000)
Hand_ForearmStub, (0.00000000, 0.00000000, 0.00000000)
Hand_Thumb0, (0.02006929, 0.01155415, 0.01049651)
Hand_Thumb1, (0.03574200, 0.01869123, 0.02841517)
Hand_Thumb2, (0.04674112, 0.04612866, 0.04195403)
Hand_Thumb3, (0.06355969, 0.07312600, 0.05336670)
Hand_Index1, (0.09599626, 0.00731644, 0.02355068)
Hand_Index2, (0.13371080, 0.00399255, 0.02579579)
Hand_Index3, (0.15697580, 0.01094330, 0.02684400)
Hand_Middle1, (0.09564662, 0.00254316, 0.00172591)
Hand_Middle2, (0.13724200, 0.00137403, -0.00881828)
Hand_Middle3, (0.16294190, 0.00887453, -0.01531770)
Hand_Ring1, (0.08869378, 0.00652934, -0.01746525)
Hand_Ring2, (0.12337210, 0.00866300, -0.03517291)
Hand_Ring3, (0.14573570, 0.01884655, -0.04528775)
Hand_Pinky0, (0.03407355, 0.00941984, -0.02299859)
Hand_Pinky1, (0.07789586, 0.01369118, -0.03505409)
Hand_Pinky2, (0.09735190, 0.02293189, -0.05695879)
Hand_Pinky3, (0.10839660, 0.03341198, -0.07040253)
Hand_ThumbTip, (0.07213152, 0.09348959, 0.06423225)
Hand_IndexTip, (0.17811440, 0.01830463, 0.02636841)
Hand_MiddleTip, (0.18668340, 0.01290628, -0.02200512)
Hand_RingTip, (0.16673870, 0.02811033, -0.05350160)
Hand_PinkyTip, (0.12217260, 0.04460417, -0.08332875)
RootPos, (-0.01971998, 1.09330500, 0.29045830)
Hand_Start, (0.00000000, 0.00000000, 0.00000000)
Hand_ForearmStub, (0.00000000, 0.00000000, 0.00000000)
Hand_Thumb0, (0.02006930, 0.01155407, 0.01049653)
Hand_Thumb1, (0.03587109, 0.01896898, 0.02818757)
Hand_Thumb2, (0.04780006, 0.04605230, 0.04165179)
Hand_Thumb3, (0.06501575, 0.07227709, 0.05421570)
Hand_Index1, (0.09599624, 0.00731645, 0.02355069)
Hand_Index2, (0.13350490, 0.00315840, 0.02733144)
Hand_Index3, (0.15714080, 0.00842594, 0.02939596)
Hand_Middle1, (0.09564661, 0.00254320, 0.00172589)
Hand_Middle2, (0.13748140, -0.00063236, -0.00735679)
Hand_Middle3, (0.16389480, 0.00469841, -0.01309214)
Hand_Ring1, (0.08869383, 0.00652929, -0.01746527)
Hand_Ring2, (0.12401060, 0.00820513, -0.03391561)
Hand_Ring3, (0.14707940, 0.01727322, -0.04349393)
Hand_Pinky0, (0.03407356, 0.00941987, -0.02299860)
Hand_Pinky1, (0.07789586, 0.01369123, -0.03505411)
Hand_Pinky2, (0.09798195, 0.02329857, -0.05621994)
Hand_Pinky3, (0.10950880, 0.03344303, -0.06951562)
Hand_ThumbTip, (0.07391025, 0.09205668, 0.06587186)
Hand_IndexTip, (0.17890600, 0.01365431, 0.02984533)
Hand_MiddleTip, (0.18811610, 0.00601480, -0.01911151)
Hand_RingTip, (0.16889250, 0.02471969, -0.05144088)
Hand_PinkyTip, (0.12385930, 0.04376462, -0.08254094)
RootPos, (-0.02015004, 1.09033700, 0.29135580)
Hand_Start, (0.00000000, 0.00000000, 0.00000000)
Hand_ForearmStub, (0.00000000, 0.00000000, 0.00000000)
Hand_Thumb0, (0.02006929, 0.01155411, 0.01049653)
Hand_Thumb1, (0.03602188, 0.01929537, 0.02791024)
Hand_Thumb2, (0.04795015, 0.04667524, 0.04076131)
Hand_Thumb3, (0.06503691, 0.07312830, 0.05301891)
Hand_Index1, (0.09599625, 0.00731644, 0.02355068)
Hand_Index2, (0.13354970, 0.00382874, 0.02755731)
Hand_Index3, (0.15701630, 0.00976215, 0.02974408)
Hand_Middle1, (0.09564663, 0.00254314, 0.00172591)
Hand_Middle2, (0.13750150, -0.00152473, -0.00689677)
Hand_Middle3, (0.16405150, 0.00340057, -0.01235699)
Hand_Ring1, (0.08869382, 0.00652926, -0.01746524)
Hand_Ring2, (0.12408720, 0.00779180, -0.03378732)
Hand_Ring3, (0.14737160, 0.01622878, -0.04342039)
Hand_Pinky0, (0.03407354, 0.00941988, -0.02299858)
Hand_Pinky1, (0.07789585, 0.01369113, -0.03505405)
Hand_Pinky2, (0.09827574, 0.02483984, -0.05515662)
Hand_Pinky3, (0.10990800, 0.03571856, -0.06776203)
Hand_ThumbTip, (0.07407112, 0.09317289, 0.06410076)
Hand_IndexTip, (0.17862880, 0.01557971, 0.03030474)
Hand_MiddleTip, (0.18835550, 0.00408275, -0.01814402)
Hand_RingTip, (0.16944780, 0.02265825, -0.05152696)
Hand_PinkyTip, (0.12442000, 0.04651206, -0.08021323)
RootPos, (-0.02082646, 1.08839600, 0.29446740)
Hand_Start, (0.00000000, 0.00000000, 0.00000000)
Hand_ForearmStub, (0.00000000, 0.00000000, 0.00000000)
Hand_Thumb0, (0.02006929, 0.01155415, 0.01049651)
Hand_Thumb1, (0.03695614, 0.02137639, 0.02585906)
Hand_Thumb2, (0.05163968, 0.04864380, 0.03575720)
Hand_Thumb3, (0.07173357, 0.07474285, 0.04330998)
Hand_Index1, (0.09599622, 0.00731646, 0.02355067)
Hand_Index2, (0.13367090, 0.00966844, 0.02723436)
Hand_Index3, (0.15513720, 0.02092949, 0.02898231)
Hand_Middle1, (0.09564662, 0.00254319, 0.00172588)
Hand_Middle2, (0.13775510, 0.00403355, -0.00648273)
Hand_Middle3, (0.16227840, 0.01569242, -0.01113672)
Hand_Ring1, (0.08869382, 0.00652929, -0.01746527)
Hand_Ring2, (0.12429010, 0.01326391, -0.03189596)
Hand_Ring3, (0.14562640, 0.02741505, -0.03901327)
Hand_Pinky0, (0.03407356, 0.00941989, -0.02299861)
Hand_Pinky1, (0.07789584, 0.01369121, -0.03505410)
Hand_Pinky2, (0.09994888, 0.02918295, -0.04979910)
Hand_Pinky3, (0.11191210, 0.04330410, -0.05816726)
Hand_ThumbTip, (0.08367241, 0.09507643, 0.05039666)
Hand_IndexTip, (0.17462560, 0.03194949, 0.02912594)
Hand_MiddleTip, (0.18553810, 0.02325265, -0.01628128)
Hand_RingTip, (0.16598980, 0.03952837, -0.04475876)
Hand_PinkyTip, (0.12667770, 0.05761034, -0.06587706)
RootPos, (-0.02576499, 1.08694600, 0.29677240)
Hand_Start, (0.00000000, 0.00000000, 0.00000000)
Hand_ForearmStub, (0.00000000, 0.00000000, 0.00000000)
Hand_Thumb0, (0.02006930, 0.01155407, 0.01049653)
Hand_Thumb1, (0.03891382, 0.02665700, 0.01636486)
Hand_Thumb2, (0.06597654, 0.04465811, 0.01717609)
Hand_Thumb3, (0.09443007, 0.05497775, 0.00214691)
Hand_Index1, (0.09599624, 0.00731643, 0.02355068)
Hand_Index2, (0.11703670, 0.03841946, 0.01822306)
Hand_Index3, (0.10553200, 0.05982513, 0.01854770)
Hand_Middle1, (0.09564660, 0.00254315, 0.00172589)
Hand_Middle2, (0.12140340, 0.03653410, -0.00316597)
Hand_Middle3, (0.10713690, 0.05984626, 0.00029706)
Hand_Ring1, (0.08869381, 0.00652927, -0.01746524)
Hand_Ring2, (0.11294840, 0.03693041, -0.02032579)
Hand_Ring3, (0.10531880, 0.06171912, -0.01454156)
Hand_Pinky0, (0.03407356, 0.00941983, -0.02299858)
Hand_Pinky1, (0.07789584, 0.01369122, -0.03505411)
Hand_Pinky2, (0.09485883, 0.03915669, -0.03231397)
Hand_Pinky3, (0.09281213, 0.05848315, -0.02641046)
Hand_ThumbTip, (0.11360830, 0.06364053, -0.01063430)
Hand_IndexTip, (0.08996123, 0.07591206, 0.01868980)
Hand_MiddleTip, (0.09035353, 0.07790308, 0.00440871)
Hand_RingTip, (0.09401484, 0.08193168, -0.00692025)
Hand_PinkyTip, (0.08787943, 0.07755032, -0.01670249)
RootPos, (-0.02649701, 1.08866500, 0.29800180)
Hand_Start, (0.00000000, 0.00000000, 0.00000000)
Hand_ForearmStub, (0.00000000, 0.00000000, 0.00000000)
Hand_Thumb0, (0.02006931, 0.01155407, 0.01049653)
Hand_Thumb1, (0.03837023, 0.02488119, 0.02074909)
Hand_Thumb2, (0.06189334, 0.04676743, 0.02572359)
Hand_Thumb3, (0.08897437, 0.06317261, 0.01391431)
Hand_Index1, (0.09599625, 0.00731643, 0.02355069)
Hand_Index2, (0.11978930, 0.03624270, 0.01758040)
Hand_Index3, (0.11030230, 0.05861712, 0.01781064)
Hand_Middle1, (0.09564662, 0.00254315, 0.00172590)
Hand_Middle2, (0.12515350, 0.03309574, -0.00448796)
Hand_Middle3, (0.11329460, 0.05775225, -0.00126313)
Hand_Ring1, (0.08869381, 0.00652932, -0.01746526)
Hand_Ring2, (0.11383540, 0.03615166, -0.02079880)
Hand_Ring3, (0.10700490, 0.06119720, -0.01512348)
Hand_Pinky0, (0.03407357, 0.00941981, -0.02299857)
Hand_Pinky1, (0.07789584, 0.01369121, -0.03505407)
Hand_Pinky2, (0.09462366, 0.03922396, -0.03158955)
Hand_Pinky3, (0.09017890, 0.05791983, -0.02501229)
Hand_ThumbTip, (0.10694200, 0.07585086, 0.00284014)
Hand_IndexTip, (0.09522895, 0.07516471, 0.01829151)
Hand_MiddleTip, (0.09683917, 0.07598221, 0.00337597)
Hand_RingTip, (0.09510373, 0.08095419, -0.00722176)
Hand_PinkyTip, (0.08069962, 0.07464358, -0.01440149)
RootPos, (-0.02619168, 1.08892400, 0.29915000)
Hand_Start, (0.00000000, 0.00000000, 0.00000000)
Hand_ForearmStub, (0.00000000, 0.00000000, 0.00000000)
Hand_Thumb0, (0.02006930, 0.01155414, 0.01049650)
Hand_Thumb1, (0.03825715, 0.02456982, 0.02133364)
Hand_Thumb2, (0.05997431, 0.04822959, 0.02640006)
Hand_Thumb3, (0.08603443, 0.06694763, 0.01579445)
Hand_Index1, (0.09599625, 0.00731640, 0.02355068)
Hand_Index2, (0.12205930, 0.03438300, 0.01839311)
Hand_Index3, (0.11476870, 0.05756500, 0.01806132)
Hand_Middle1, (0.09564659, 0.00254320, 0.00172588)
Hand_Middle2, (0.12686960, 0.03137346, -0.00432921)
Hand_Middle3, (0.11826840, 0.05743815, -0.00195598)
Hand_Ring1, (0.08869380, 0.00652930, -0.01746524)
Hand_Ring2, (0.11119050, 0.03829522, -0.01981502)
Hand_Ring3, (0.09997484, 0.06146038, -0.01320208)
Hand_Pinky0, (0.03407357, 0.00941986, -0.02299860)
Hand_Pinky1, (0.07789588, 0.01369118, -0.03505408)
Hand_Pinky2, (0.09180643, 0.04070968, -0.03055521)
Hand_Pinky3, (0.08327129, 0.05756280, -0.02309350)
Hand_ThumbTip, (0.10334670, 0.08142149, 0.00594543)
Hand_IndexTip, (0.10118870, 0.07536376, 0.01783751)
Hand_MiddleTip, (0.10473260, 0.07811701, 0.00175968)
Hand_RingTip, (0.08377302, 0.07750543, -0.00457249)
Hand_PinkyTip, (0.06906834, 0.07001311, -0.01189539)
RootPos, (-0.02663191, 1.08860200, 0.29914960)
Hand_Start, (0.00000000, 0.00000000, 0.00000000)
Hand_ForearmStub, (0.00000000, 0.00000000, 0.00000000)
Hand_Thumb0, (0.02006930, 0.01155406, 0.01049654)
Hand_Thumb1, (0.03819119, 0.02439229, 0.02165125)
Hand_Thumb2, (0.06018588, 0.04765222, 0.02733453)
Hand_Thumb3, (0.08658089, 0.06620780, 0.01728625)
Hand_Index1, (0.09599622, 0.00731647, 0.02355068)
Hand_Index2, (0.12195740, 0.03468045, 0.01958696)
Hand_Index3, (0.11469700, 0.05786610, 0.01897251)
Hand_Middle1, (0.09564661, 0.00254320, 0.00172588)
Hand_Middle2, (0.12657280, 0.03190227, -0.00320729)
Hand_Middle3, (0.11859610, 0.05819605, -0.00121015)
Hand_Ring1, (0.08869381, 0.00652929, -0.01746524)
Hand_Ring2, (0.10920380, 0.03967161, -0.01874098)
Hand_Ring3, (0.09385406, 0.06014877, -0.01158455)
Hand_Pinky0, (0.03407357, 0.00941986, -0.02299859)
Hand_Pinky1, (0.07789584, 0.01369120, -0.03505408)
Hand_Pinky2, (0.09081361, 0.04111629, -0.03008004)
Hand_Pinky3, (0.08027870, 0.05665456, -0.02232559)
Hand_ThumbTip, (0.10419750, 0.08075891, 0.00811422)
Hand_IndexTip, (0.10119950, 0.07571091, 0.01817373)
Hand_MiddleTip, (0.10596970, 0.07954688, 0.00184836)
Hand_RingTip, (0.07398918, 0.07126839, -0.00285777)
Hand_PinkyTip, (0.06392828, 0.06618790, -0.01119419)
RootPos, (-0.02760594, 1.08817500, 0.29866420)
Hand_Start, (0.00000000, 0.00000000, 0.00000000)
Hand_ForearmStub, (0.00000000, 0.00000000, 0.00000000)
Hand_Thumb0, (0.02006930, 0.01155414, 0.01049651)
Hand_Thumb1, (0.03811639, 0.02419416, 0.02199355)
Hand_Thumb2, (0.06108429, 0.04622823, 0.02863161)
Hand_Thumb3, (0.08826020, 0.06371145, 0.01874317)
Hand_Index1, (0.09599624, 0.00731646, 0.02355069)
Hand_Index2, (0.12120390, 0.03546034, 0.02023775)
Hand_Index3, (0.11291020, 0.05829434, 0.01953607)
Hand_Middle1, (0.09564661, 0.00254318, 0.00172590)
Hand_Middle2, (0.12535820, 0.03323339, -0.00252396)
Hand_Middle3, (0.11618420, 0.05912839, -0.00045918)
Hand_Ring1, (0.08869379, 0.00652936, -0.01746526)
Hand_Ring2, (0.10977090, 0.03933193, -0.01812879)
Hand_Ring3, (0.09309367, 0.05883885, -0.01123676)
Hand_Pinky0, (0.03407356, 0.00941984, -0.02299858)
Hand_Pinky1, (0.07789586, 0.01369121, -0.03505409)
Hand_Pinky2, (0.09147179, 0.04078300, -0.03000718)
Hand_Pinky3, (0.08040396, 0.05597600, -0.02231113)
Hand_ThumbTip, (0.10646370, 0.07753028, 0.00958448)
Hand_IndexTip, (0.09864635, 0.07551963, 0.01849249)
Hand_MiddleTip, (0.10250400, 0.07982284, 0.00257875)
Hand_RingTip, (0.07179553, 0.06746852, -0.00309239)
Hand_PinkyTip, (0.06316153, 0.06422428, -0.01150398)
RootPos, (-0.02789089, 1.08820300, 0.29959360)
Hand_Start, (0.00000000, 0.00000000, 0.00000000)
Hand_ForearmStub, (0.00000000, 0.00000000, 0.00000000)
Hand_Thumb0, (0.02006930, 0.01155415, 0.01049650)
Hand_Thumb1, (0.03816138, 0.02431296, 0.02178981)
Hand_Thumb2, (0.06082243, 0.04679133, 0.02797755)
Hand_Thumb3, (0.08768906, 0.06454835, 0.01773805)
Hand_Index1, (0.09599624, 0.00731644, 0.02355068)
Hand_Index2, (0.12151610, 0.03515585, 0.02005964)
Hand_Index3, (0.11371320, 0.05816245, 0.01937078)
Hand_Middle1, (0.09564663, 0.00254314, 0.00172589)
Hand_Middle2, (0.12559590, 0.03307206, -0.00198297)
Hand_Middle3, (0.11712240, 0.05922343, -0.00017040)
Hand_Ring1, (0.08869381, 0.00652926, -0.01746524)
Hand_Ring2, (0.11121930, 0.03836063, -0.01772693)
Hand_Ring3, (0.09506194, 0.05846734, -0.01133913)
Hand_Pinky0, (0.03407357, 0.00941982, -0.02299858)
Hand_Pinky1, (0.07789587, 0.01369118, -0.03505409)
Hand_Pinky2, (0.09253507, 0.04021161, -0.02994492)
Hand_Pinky3, (0.08141772, 0.05546330, -0.02243879)
Hand_ThumbTip, (0.10565200, 0.07854240, 0.00837272)
Hand_IndexTip, (0.09991023, 0.07576156, 0.01836536)
Hand_MiddleTip, (0.10389000, 0.08024676, 0.00257875)
Hand_RingTip, (0.07351492, 0.06703500, -0.00380679)
Hand_PinkyTip, (0.06357029, 0.06297279, -0.01208456)
RootPos, (-0.02884945, 1.08801000, 0.29940380)
Hand_Start, (0.00000000, 0.00000000, 0.00000000)
Hand_ForearmStub, (0.00000000, 0.00000000, 0.00000000)
Hand_Thumb0, (0.02006928, 0.01155413, 0.01049652)
Hand_Thumb1, (0.03811850, 0.02419976, 0.02198406)
Hand_Thumb2, (0.06080103, 0.04656768, 0.02848539)
Hand_Thumb3, (0.08778159, 0.06439501, 0.01867674)
Hand_Index1, (0.09599624, 0.00731648, 0.02355067)
Hand_Index2, (0.12194020, 0.03475736, 0.02003095)
Hand_Index3, (0.11478570, 0.05797267, 0.01930388)
Hand_Middle1, (0.09564662, 0.00254317, 0.00172589)
Hand_Middle2, (0.12582280, 0.03285655, -0.00191086)
Hand_Middle3, (0.11811850, 0.05925348, -0.00023140)
Hand_Ring1, (0.08869381, 0.00652928, -0.01746523)
Hand_Ring2, (0.11088100, 0.03859793, -0.01762914)
Hand_Ring3, (0.09424237, 0.05829961, -0.01121473)
Hand_Pinky0, (0.03407357, 0.00941980, -0.02299857)
Hand_Pinky1, (0.07789587, 0.01369114, -0.03505406)
Hand_Pinky2, (0.09354037, 0.03969403, -0.03027427)
Hand_Pinky3, (0.08285316, 0.05523948, -0.02274616)
Hand_ThumbTip, (0.10585120, 0.07848802, 0.00967188)
Hand_IndexTip, (0.10154920, 0.07599924, 0.01825549)
Hand_MiddleTip, (0.10549350, 0.08066251, 0.00239526)
Hand_RingTip, (0.07224663, 0.06569757, -0.00374000)
Hand_PinkyTip, (0.06501045, 0.06270628, -0.01235311)
RootPos, (-0.02921429, 1.08798400, 0.29973890)
Hand_Start, (0.00000000, 0.00000000, 0.00000000)
Hand_ForearmStub, (0.00000000, 0.00000000, 0.00000000)
Hand_Thumb0, (0.02006932, 0.01155408, 0.01049653)
Hand_Thumb1, (0.03815262, 0.02428983, 0.02182987)
Hand_Thumb2, (0.06085756, 0.04670128, 0.02809909)
Hand_Thumb3, (0.08779167, 0.06445184, 0.01802722)
Hand_Index1, (0.09599627, 0.00731643, 0.02355069)
Hand_Index2, (0.12185490, 0.03483171, 0.01998378)
Hand_Index3, (0.11457310, 0.05800808, 0.01927599)
Hand_Middle1, (0.09564660, 0.00254317, 0.00172590)
Hand_Middle2, (0.12599450, 0.03263085, -0.00233200)
Hand_Middle3, (0.11883060, 0.05917950, -0.00065098)
Hand_Ring1, (0.08869382, 0.00652930, -0.01746526)
Hand_Ring2, (0.11003620, 0.03916629, -0.01729658)
Hand_Ring3, (0.09223230, 0.05782843, -0.01090212)
Hand_Pinky0, (0.03407356, 0.00941987, -0.02299859)
Hand_Pinky1, (0.07789585, 0.01369118, -0.03505406)
Hand_Pinky2, (0.09292956, 0.03997490, -0.02986788)
Hand_Pinky3, (0.08134977, 0.05489976, -0.02240403)
Hand_ThumbTip, (0.10582380, 0.07849327, 0.00886793)
Hand_IndexTip, (0.10121150, 0.07594395, 0.01826250)
Hand_MiddleTip, (0.10678960, 0.08091699, 0.00202027)
Hand_RingTip, (0.06955360, 0.06311047, -0.00367779)
Hand_PinkyTip, (0.06268458, 0.06076570, -0.01243747)
RootPos, (-0.02437997, 1.08740200, 0.30005400)
Hand_Start, (0.00000000, 0.00000000, 0.00000000)
Hand_ForearmStub, (0.00000000, 0.00000000, 0.00000000)
Hand_Thumb0, (0.02006932, 0.01155406, 0.01049654)
Hand_Thumb1, (0.03706202, 0.02162011, 0.02558204)
Hand_Thumb2, (0.05627078, 0.04532923, 0.03680659)
Hand_Thumb3, (0.08188392, 0.06729603, 0.03496249)
Hand_Index1, (0.09599621, 0.00731648, 0.02355068)
Hand_Index2, (0.12966070, 0.02433478, 0.01960560)
Hand_Index3, (0.13485350, 0.04802981, 0.01810669)
Hand_Middle1, (0.09564664, 0.00254313, 0.00172590)
Hand_Middle2, (0.13371650, 0.02121392, -0.00496836)
Hand_Middle3, (0.14601130, 0.04580069, -0.00678675)
Hand_Ring1, (0.08869383, 0.00652929, -0.01746526)
Hand_Ring2, (0.12176620, 0.02661973, -0.02229069)
Hand_Ring3, (0.12840670, 0.05223241, -0.01983236)
Hand_Pinky0, (0.03407360, 0.00941979, -0.02299858)
Hand_Pinky1, (0.07789586, 0.01369116, -0.03505407)
Hand_Pinky2, (0.09805387, 0.03675573, -0.03272518)
Hand_Pinky3, (0.09462118, 0.05567112, -0.02616924)
Hand_ThumbTip, (0.09907237, 0.08474220, 0.03243327)
Hand_IndexTip, (0.13312630, 0.07027161, 0.01621559)
Hand_MiddleTip, (0.15476750, 0.06917644, -0.00802850)
Hand_RingTip, (0.12491110, 0.07557960, -0.01374122)
Hand_PinkyTip, (0.08267110, 0.07039663, -0.01510207)
RootPos, (-0.01601056, 1.08839700, 0.30238510)
Hand_Start, (0.00000000, 0.00000000, 0.00000000)
Hand_ForearmStub, (0.00000000, 0.00000000, 0.00000000)
Hand_Thumb0, (0.02006932, 0.01155408, 0.01049655)
Hand_Thumb1, (0.03322386, 0.01351637, 0.03149078)
Hand_Thumb2, (0.04571739, 0.03340489, 0.05397294)
Hand_Thumb3, (0.06537233, 0.05391206, 0.07227905)
Hand_Index1, (0.09599624, 0.00731646, 0.02355070)
Hand_Index2, (0.13361670, 0.00730391, 0.01873563)
Hand_Index3, (0.15400880, 0.02015979, 0.01564466)
Hand_Middle1, (0.09564660, 0.00254315, 0.00172590)
Hand_Middle2, (0.13633500, 0.00767195, -0.01095771)
Hand_Middle3, (0.16097120, 0.01726492, -0.01870454)
Hand_Ring1, (0.08869381, 0.00652932, -0.01746525)
Hand_Ring2, (0.12376020, 0.01044223, -0.03407049)
Hand_Ring3, (0.14715720, 0.01732815, -0.04462076)
Hand_Pinky0, (0.03407355, 0.00941985, -0.02299860)
Hand_Pinky1, (0.07789583, 0.01369121, -0.03505411)
Hand_Pinky2, (0.10170980, 0.02531366, -0.05059614)
Hand_Pinky3, (0.11449490, 0.03892300, -0.05858875)
Hand_ThumbTip, (0.07766941, 0.07026594, 0.08597363)
Hand_IndexTip, (0.17022190, 0.03510926, 0.01178382)
Hand_MiddleTip, (0.18391650, 0.02324736, -0.02660124)
Hand_RingTip, (0.16878290, 0.02505669, -0.05280691)
Hand_PinkyTip, (0.12739760, 0.05634584, -0.06206656)
RootPos, (-0.01685762, 1.08417600, 0.30178800)
Hand_Start, (0.00000000, 0.00000000, 0.00000000)
Hand_ForearmStub, (0.00000000, 0.00000000, 0.00000000)
Hand_Thumb0, (0.02006929, 0.01155411, 0.01049651)
Hand_Thumb1, (0.03188306, 0.01089852, 0.03235187)
Hand_Thumb2, (0.04331703, 0.02762099, 0.05778238)
Hand_Thumb3, (0.06024208, 0.04339216, 0.08241547)
Hand_Index1, (0.09599623, 0.00731645, 0.02355070)
Hand_Index2, (0.13326800, 0.00279342, 0.01818075)
Hand_Index3, (0.15611540, 0.01019153, 0.01444774)
Hand_Middle1, (0.09564658, 0.00254316, 0.00172589)
Hand_Middle2, (0.13453990, 0.00896489, -0.01526811)
Hand_Middle3, (0.15844230, 0.01764815, -0.02586344)
Hand_Ring1, (0.08869378, 0.00652932, -0.01746527)
Hand_Ring2, (0.12217220, 0.01161514, -0.03680509)
Hand_Ring3, (0.14463110, 0.01803756, -0.04947383)
Hand_Pinky0, (0.03407357, 0.00941984, -0.02299857)
Hand_Pinky1, (0.07789584, 0.01369119, -0.03505407)
Hand_Pinky2, (0.09672473, 0.01898021, -0.05874466)
Hand_Pinky3, (0.10781060, 0.02475653, -0.07475373)
Hand_ThumbTip, (0.06968568, 0.05569756, 0.10153630)
Hand_IndexTip, (0.17620000, 0.01888950, 0.00973453)
Hand_MiddleTip, (0.18075580, 0.02092445, -0.03663414)
Hand_RingTip, (0.16594570, 0.02266000, -0.06037020)
Hand_PinkyTip, (0.12169840, 0.03180890, -0.09023023)
RootPos, (-0.02084891, 1.08195800, 0.29945670)
Hand_Start, (0.00000000, 0.00000000, 0.00000000)
Hand_ForearmStub, (0.00000000, 0.00000000, 0.00000000)
Hand_Thumb0, (0.02006930, 0.01155410, 0.01049653)
Hand_Thumb1, (0.03437969, 0.01584239, 0.03035784)
Hand_Thumb2, (0.04631768, 0.03949966, 0.04919682)
Hand_Thumb3, (0.06456348, 0.06300466, 0.06521495)
Hand_Index1, (0.09599622, 0.00731644, 0.02355066)
Hand_Index2, (0.13360300, 0.00305164, 0.02109630)
Hand_Index3, (0.15703830, 0.00919551, 0.01917102)
Hand_Middle1, (0.09564665, 0.00254312, 0.00172594)
Hand_Middle2, (0.13619470, 0.00546004, -0.01206071)
Hand_Middle3, (0.16119030, 0.01323637, -0.02064718)
Hand_Ring1, (0.08869382, 0.00652929, -0.01746521)
Hand_Ring2, (0.12185040, 0.01359324, -0.03673788)
Hand_Ring3, (0.14370390, 0.02253598, -0.04892799)
Hand_Pinky0, (0.03407357, 0.00941983, -0.02299857)
Hand_Pinky1, (0.07789585, 0.01369118, -0.03505405)
Hand_Pinky2, (0.09699214, 0.02785488, -0.05450821)
Hand_Pinky3, (0.10758360, 0.04038646, -0.06648046)
Hand_ThumbTip, (0.07492614, 0.08108680, 0.07832451)
Hand_IndexTip, (0.17822960, 0.01568079, 0.01598831)
Hand_MiddleTip, (0.18437020, 0.01650620, -0.02940154)
Hand_RingTip, (0.16444460, 0.03011413, -0.05926268)
Hand_PinkyTip, (0.12048470, 0.05473602, -0.07695818)
RootPos, (-0.02368510, 1.08145800, 0.29869990)
Hand_Start, (0.00000000, 0.00000000, 0.00000000)
Hand_ForearmStub, (0.00000000, 0.00000000, 0.00000000)
Hand_Thumb0, (0.02006931, 0.01155410, 0.01049656)
Hand_Thumb1, (0.03532806, 0.01781082, 0.02908887)
Hand_Thumb2, (0.04726411, 0.04374409, 0.04464796)
Hand_Thumb3, (0.06579656, 0.06961697, 0.05601092)
Hand_Index1, (0.09599621, 0.00731647, 0.02355063)
Hand_Index2, (0.13369540, 0.00331984, 0.02468128)
Hand_Index3, (0.15764660, 0.00742771, 0.02504634)
Hand_Middle1, (0.09564661, 0.00254316, 0.00172589)
Hand_Middle2, (0.13684740, 0.00301182, -0.01031582)
Hand_Middle3, (0.16267840, 0.00879300, -0.01795238)
Hand_Ring1, (0.08869379, 0.00652931, -0.01746521)
Hand_Ring2, (0.12200950, 0.01329617, -0.03656942)
Hand_Ring3, (0.14413750, 0.02138773, -0.04885849)
Hand_Pinky0, (0.03407356, 0.00941984, -0.02299859)
Hand_Pinky1, (0.07789585, 0.01369118, -0.03505402)
Hand_Pinky2, (0.09688505, 0.02913754, -0.05361649)
Hand_Pinky3, (0.10753570, 0.04173377, -0.06546769)
Hand_ThumbTip, (0.07649662, 0.08957931, 0.06566605)
Hand_IndexTip, (0.17973070, 0.01093006, 0.02391349)
Hand_MiddleTip, (0.18638270, 0.01014583, -0.02575704)
Hand_RingTip, (0.16518030, 0.02777472, -0.05938565)
Hand_PinkyTip, (0.12066250, 0.05566617, -0.07622442)
RootPos, (-0.02675538, 1.08211300, 0.29896430)
Hand_Start, (0.00000000, 0.00000000, 0.00000000)
Hand_ForearmStub, (0.00000000, 0.00000000, 0.00000000)
Hand_Thumb0, (0.02006930, 0.01155410, 0.01049653)
Hand_Thumb1, (0.03585532, 0.01893490, 0.02821593)
Hand_Thumb2, (0.04821870, 0.04568914, 0.04194353)
Hand_Thumb3, (0.06706211, 0.07217025, 0.05119823)
Hand_Index1, (0.09599624, 0.00731645, 0.02355066)
Hand_Index2, (0.13358490, 0.00545740, 0.02825311)
Hand_Index3, (0.15748960, 0.00894883, 0.03090743)
Hand_Middle1, (0.09564662, 0.00254315, 0.00172586)
Hand_Middle2, (0.13722070, 0.00202680, -0.00895379)
Hand_Middle3, (0.16347360, 0.00683202, -0.01578590)
Hand_Ring1, (0.08869382, 0.00652930, -0.01746521)
Hand_Ring2, (0.12258620, 0.01276904, -0.03571536)
Hand_Ring3, (0.14523570, 0.01997282, -0.04760025)
Hand_Pinky0, (0.03407354, 0.00941984, -0.02299862)
Hand_Pinky1, (0.07789586, 0.01369118, -0.03505413)
Hand_Pinky2, (0.09769227, 0.02908198, -0.05280149)
Hand_Pinky3, (0.10922080, 0.04054299, -0.06497892)
Hand_ThumbTip, (0.07799397, 0.09264141, 0.05942237)
Hand_IndexTip, (0.17979090, 0.01068085, 0.03186270)
Hand_MiddleTip, (0.18744820, 0.00708952, -0.02284167)
Hand_RingTip, (0.16675820, 0.02514212, -0.05782142)
Hand_PinkyTip, (0.12348530, 0.05252495, -0.07660159)
RootPos, (-0.02799712, 1.08290200, 0.30027550)
Hand_Start, (0.00000000, 0.00000000, 0.00000000)
Hand_ForearmStub, (0.00000000, 0.00000000, 0.00000000)
Hand_Thumb0, (0.02006931, 0.01155410, 0.01049650)
Hand_Thumb1, (0.03640497, 0.02013528, 0.02714467)
Hand_Thumb2, (0.04960778, 0.04740100, 0.03894949)
Hand_Thumb3, (0.06845934, 0.07383861, 0.04831145)
Hand_Index1, (0.09599625, 0.00731645, 0.02355069)
Hand_Index2, (0.13370520, 0.00705518, 0.02760653)
Hand_Index3, (0.15757850, 0.01103041, 0.02982697)
Hand_Middle1, (0.09564662, 0.00254316, 0.00172596)
Hand_Middle2, (0.13730250, 0.00279777, -0.00863970)
Hand_Middle3, (0.16357200, 0.00778693, -0.01527315)
Hand_Ring1, (0.08869379, 0.00652931, -0.01746519)
Hand_Ring2, (0.12367240, 0.01252574, -0.03362794)
Hand_Ring3, (0.14705850, 0.01953669, -0.04412004)
Hand_Pinky0, (0.03407353, 0.00941985, -0.02299862)
Hand_Pinky1, (0.07789585, 0.01369118, -0.03505409)
Hand_Pinky2, (0.10019840, 0.02763078, -0.05092946)
Hand_Pinky3, (0.11374200, 0.03729927, -0.06257604)
Hand_ThumbTip, (0.07900513, 0.09416828, 0.05735017)
Hand_IndexTip, (0.17988970, 0.01280955, 0.03037596)
Hand_MiddleTip, (0.18759290, 0.00807011, -0.02216903)
Hand_RingTip, (0.16921530, 0.02441432, -0.05304754)
Hand_PinkyTip, (0.13016280, 0.04654729, -0.07384379)
RootPos, (-0.02967666, 1.08367700, 0.30181380)
Hand_Start, (0.00000000, 0.00000000, 0.00000000)
Hand_ForearmStub, (0.00000000, 0.00000000, 0.00000000)
Hand_Thumb0, (0.02006930, 0.01155410, 0.01049653)
Hand_Thumb1, (0.03745889, 0.02255291, 0.02443495)
Hand_Thumb2, (0.05210568, 0.05066101, 0.03168040)
Hand_Thumb3, (0.07229326, 0.07749235, 0.03548986)
Hand_Index1, (0.09599628, 0.00731644, 0.02355072)
Hand_Index2, (0.13339210, 0.01229840, 0.02745042)
Hand_Index3, (0.15599000, 0.02101931, 0.02943806)
Hand_Middle1, (0.09564661, 0.00254314, 0.00172586)
Hand_Middle2, (0.13759050, 0.00355247, -0.00735273)
Hand_Middle3, (0.16364550, 0.01047027, -0.01303245)
Hand_Ring1, (0.08869381, 0.00652930, -0.01746520)
Hand_Ring2, (0.12340230, 0.01482768, -0.03318641)
Hand_Ring3, (0.14576210, 0.02568186, -0.04258702)
Hand_Pinky0, (0.03407355, 0.00941983, -0.02299863)
Hand_Pinky1, (0.07789586, 0.01369118, -0.03505406)
Hand_Pinky2, (0.09944891, 0.03101178, -0.04844088)
Hand_Pinky3, (0.11224360, 0.04356522, -0.05799389)
Hand_ThumbTip, (0.08409686, 0.09850565, 0.04052227)
Hand_IndexTip, (0.17730840, 0.02784877, 0.02981621)
Hand_MiddleTip, (0.18775590, 0.01311557, -0.01905981)
Hand_RingTip, (0.16699180, 0.03477226, -0.05040206)
Hand_PinkyTip, (0.12786380, 0.05614232, -0.06693578)
RootPos, (-0.03439265, 1.08482600, 0.30277660)
Hand_Start, (0.00000000, 0.00000000, 0.00000000)
Hand_ForearmStub, (0.00000000, 0.00000000, 0.00000000)
Hand_Thumb0, (0.02006930, 0.01155411, 0.01049654)
Hand_Thumb1, (0.03877397, 0.02611750, 0.01795926)
Hand_Thumb2, (0.06083411, 0.05000030, 0.01818552)
Hand_Thumb3, (0.08711348, 0.06921392, 0.00911881)
Hand_Index1, (0.09599625, 0.00731645, 0.02355071)
Hand_Index2, (0.12334510, 0.03322521, 0.01916255)
Hand_Index3, (0.12949560, 0.05664154, 0.01703785)
Hand_Middle1, (0.09564662, 0.00254314, 0.00172589)
Hand_Middle2, (0.12899250, 0.02767039, -0.00824426)
Hand_Middle3, (0.13846410, 0.05340467, -0.01089262)
Hand_Ring1, (0.08869383, 0.00652930, -0.01746521)
Hand_Ring2, (0.11573480, 0.03210079, -0.02910905)
Hand_Ring3, (0.12456890, 0.05711672, -0.03062810)
Hand_Pinky0, (0.03407357, 0.00941983, -0.02299860)
Hand_Pinky1, (0.07789586, 0.01369117, -0.03505410)
Hand_Pinky2, (0.09841374, 0.03596454, -0.04021722)
Hand_Pinky3, (0.10873790, 0.05326326, -0.04280924)
Hand_ThumbTip, (0.10469210, 0.08541287, 0.00322015)
Hand_IndexTip, (0.13411230, 0.07830301, 0.01376274)
Hand_MiddleTip, (0.14734820, 0.07658455, -0.01379158)
Hand_RingTip, (0.13179720, 0.08039472, -0.03008131)
Hand_PinkyTip, (0.12079380, 0.07160760, -0.04333024)
RootPos, (-0.04340534, 1.08541700, 0.30490080)
Hand_Start, (0.00000000, 0.00000000, 0.00000000)
Hand_ForearmStub, (0.00000000, 0.00000000, 0.00000000)
Hand_Thumb0, (0.02006930, 0.01155409, 0.01049648)
Hand_Thumb1, (0.03888434, 0.02653149, 0.01676721)
Hand_Thumb2, (0.06431434, 0.04678699, 0.01711328)
Hand_Thumb3, (0.09309150, 0.06150251, 0.00724913)
Hand_Index1, (0.09599625, 0.00731644, 0.02355067)
Hand_Index2, (0.11300420, 0.04021636, 0.01537712)
Hand_Index3, (0.10715530, 0.06380485, 0.01517632)
Hand_Middle1, (0.09564663, 0.00254315, 0.00172594)
Hand_Middle2, (0.11239330, 0.04159895, -0.00435027)
Hand_Middle3, (0.10078770, 0.06618754, 0.00008719)
Hand_Ring1, (0.08869381, 0.00652930, -0.01746530)
Hand_Ring2, (0.10695680, 0.04047289, -0.02338050)
Hand_Ring3, (0.10165950, 0.06581125, -0.01737631)
Hand_Pinky0, (0.03407356, 0.00941984, -0.02299858)
Hand_Pinky1, (0.07789585, 0.01369117, -0.03505412)
Hand_Pinky2, (0.09694186, 0.03777441, -0.03405765)
Hand_Pinky3, (0.10234430, 0.05715344, -0.03126154)
Hand_ThumbTip, (0.11283530, 0.07430968, 0.00001275)
Hand_IndexTip, (0.09866454, 0.08451550, 0.01469029)
Hand_MiddleTip, (0.08712588, 0.08644032, 0.00536118)
Hand_RingTip, (0.09338128, 0.08705118, -0.00873049)
Hand_PinkyTip, (0.10687740, 0.07772246, -0.02505703)
RootPos, (-0.04316989, 1.08488000, 0.30507970)
Hand_Start, (0.00000000, 0.00000000, 0.00000000)
Hand_ForearmStub, (0.00000000, 0.00000000, 0.00000000)
Hand_Thumb0, (0.02006930, 0.01155410, 0.01049654)
Hand_Thumb1, (0.03847126, 0.02516877, 0.02017418)
Hand_Thumb2, (0.06119781, 0.04811500, 0.02392454)
Hand_Thumb3, (0.08849648, 0.06801442, 0.02304679)
Hand_Index1, (0.09599625, 0.00731645, 0.02355071)
Hand_Index2, (0.11628560, 0.03867447, 0.01695541)
Hand_Index3, (0.11350180, 0.06278418, 0.01567505)
Hand_Middle1, (0.09564663, 0.00254313, 0.00172589)
Hand_Middle2, (0.11917540, 0.03786300, -0.00472634)
Hand_Middle3, (0.11572890, 0.06516768, -0.00347882)
Hand_Ring1, (0.08869383, 0.00652929, -0.01746521)
Hand_Ring2, (0.11149600, 0.03737281, -0.02449626)
Hand_Ring3, (0.10985260, 0.06354741, -0.02021416)
Hand_Pinky0, (0.03407354, 0.00941983, -0.02299863)
Hand_Pinky1, (0.07789586, 0.01369118, -0.03505407)
Hand_Pinky2, (0.09957063, 0.03546124, -0.03516822)
Hand_Pinky3, (0.10590680, 0.05457046, -0.03247692)
Hand_ThumbTip, (0.10661290, 0.08467379, 0.02373089)
Hand_IndexTip, (0.10754290, 0.08429579, 0.01394228)
Hand_MiddleTip, (0.10909660, 0.08916337, -0.00127543)
Hand_RingTip, (0.10432220, 0.08617983, -0.01303084)
Hand_PinkyTip, (0.11043630, 0.07503459, -0.02593230)
RootPos, (-0.04213369, 1.08350400, 0.30490450)
Hand_Start, (0.00000000, 0.00000000, 0.00000000)
Hand_ForearmStub, (0.00000000, 0.00000000, 0.00000000)
Hand_Thumb0, (0.02006932, 0.01155410, 0.01049655)
Hand_Thumb1, (0.03853220, 0.02534743, 0.01979794)
Hand_Thumb2, (0.06102034, 0.04862564, 0.02287967)
Hand_Thumb3, (0.08802605, 0.06892661, 0.02214829)
Hand_Index1, (0.09599624, 0.00731644, 0.02355066)
Hand_Index2, (0.11795520, 0.03787616, 0.01881895)
Hand_Index3, (0.11643700, 0.06208478, 0.01730059)
Hand_Middle1, (0.09564662, 0.00254314, 0.00172590)
Hand_Middle2, (0.11969580, 0.03770658, -0.00355570)
Hand_Middle3, (0.11786980, 0.06518593, -0.00282713)
Hand_Ring1, (0.08869380, 0.00652930, -0.01746529)
Hand_Ring2, (0.11330980, 0.03584547, -0.02490248)
Hand_Ring3, (0.11350110, 0.06218395, -0.02138206)
Hand_Pinky0, (0.03407355, 0.00941983, -0.02299862)
Hand_Pinky1, (0.07789584, 0.01369118, -0.03505412)
Hand_Pinky2, (0.10131670, 0.03341717, -0.03752277)
Hand_Pinky3, (0.10920590, 0.05206112, -0.03587496)
Hand_ThumbTip, (0.10578610, 0.08593898, 0.02331819)
Hand_IndexTip, (0.11125330, 0.08375689, 0.01513083)
Hand_MiddleTip, (0.11304480, 0.08966742, -0.00140846)
Hand_RingTip, (0.10985630, 0.08544365, -0.01504837)
Hand_PinkyTip, (0.11541170, 0.07233823, -0.03017788)
RootPos, (-0.04273239, 1.08278800, 0.30400630)
Hand_Start, (0.00000000, 0.00000000, 0.00000000)
Hand_ForearmStub, (0.00000000, 0.00000000, 0.00000000)
Hand_Thumb0, (0.02006931, 0.01155411, 0.01049658)
Hand_Thumb1, (0.03864382, 0.02568815, 0.01903272)
Hand_Thumb2, (0.06180898, 0.04838714, 0.02131733)
Hand_Thumb3, (0.08939800, 0.06769343, 0.01847382)
Hand_Index1, (0.09599622, 0.00731644, 0.02355064)
Hand_Index2, (0.11815800, 0.03775812, 0.01900739)
Hand_Index3, (0.11697010, 0.06198289, 0.01745275)
Hand_Middle1, (0.09564662, 0.00254314, 0.00172590)
Hand_Middle2, (0.12002090, 0.03759744, -0.00272604)
Hand_Middle3, (0.11796630, 0.06505985, -0.00196821)
Hand_Ring1, (0.08869379, 0.00652931, -0.01746527)
Hand_Ring2, (0.11335970, 0.03592172, -0.02442044)
Hand_Ring3, (0.11297170, 0.06222036, -0.02062884)
Hand_Pinky0, (0.03407356, 0.00941983, -0.02299859)
Hand_Pinky1, (0.07789584, 0.01369118, -0.03505411)
Hand_Pinky2, (0.10204520, 0.03254345, -0.03732197)
Hand_Pinky3, (0.10969180, 0.05124210, -0.03521454)
Hand_ThumbTip, (0.10781950, 0.08400796, 0.01764063)
Hand_IndexTip, (0.11205580, 0.08371158, 0.01522249)
Hand_MiddleTip, (0.11229980, 0.08935320, -0.00043208)
Hand_RingTip, (0.10857490, 0.08528058, -0.01404797)
Hand_PinkyTip, (0.11525230, 0.07153954, -0.02895152)
RootPos, (-0.04367570, 1.08311900, 0.30360990)
Hand_Start, (0.00000000, 0.00000000, 0.00000000)
Hand_ForearmStub, (0.00000000, 0.00000000, 0.00000000)
Hand_Thumb0, (0.02006928, 0.01155410, 0.01049648)
Hand_Thumb1, (0.03865303, 0.02571725, 0.01896415)
Hand_Thumb2, (0.06217251, 0.04804135, 0.02132165)
Hand_Thumb3, (0.09006990, 0.06680757, 0.01792469)
Hand_Index1, (0.09599627, 0.00731644, 0.02355072)
Hand_Index2, (0.11870430, 0.03723383, 0.01828041)
Hand_Index3, (0.11836460, 0.06147806, 0.01661632)
Hand_Middle1, (0.09564662, 0.00254316, 0.00172593)
Hand_Middle2, (0.12049220, 0.03734486, -0.00205076)
Hand_Middle3, (0.11928970, 0.06486204, -0.00146920)
Hand_Ring1, (0.08869380, 0.00652931, -0.01746522)
Hand_Ring2, (0.11361410, 0.03579949, -0.02401753)
Hand_Ring3, (0.11331820, 0.06210344, -0.02025475)
Hand_Pinky0, (0.03407357, 0.00941985, -0.02299852)
Hand_Pinky1, (0.07789584, 0.01369118, -0.03505411)
Hand_Pinky2, (0.10247110, 0.03205404, -0.03666960)
Hand_Pinky3, (0.10963880, 0.05086623, -0.03397211)
Hand_ThumbTip, (0.10884850, 0.08264151, 0.01623405)
Hand_IndexTip, (0.11436530, 0.08339044, 0.01435501)
Hand_MiddleTip, (0.11381400, 0.08920547, -0.00003722)
Hand_RingTip, (0.10882750, 0.08515754, -0.01371600)
Hand_PinkyTip, (0.11436130, 0.07118100, -0.02710636)
RootPos, (-0.04351315, 1.08281600, 0.30378840)
Hand_Start, (0.00000000, 0.00000000, 0.00000000)
Hand_ForearmStub, (0.00000000, 0.00000000, 0.00000000)
Hand_Thumb0, (0.02006928, 0.01155410, 0.01049647)
Hand_Thumb1, (0.03858336, 0.02550122, 0.01946068)
Hand_Thumb2, (0.06147118, 0.04842608, 0.02223342)
Hand_Thumb3, (0.08884507, 0.06815327, 0.02036737)
Hand_Index1, (0.09599625, 0.00731646, 0.02355073)
Hand_Index2, (0.11948580, 0.03666229, 0.01849677)
Hand_Index3, (0.11979030, 0.06090380, 0.01678707)
Hand_Middle1, (0.09564660, 0.00254314, 0.00172588)
Hand_Middle2, (0.12119750, 0.03686561, -0.00171642)
Hand_Middle3, (0.12066170, 0.06440575, -0.00123347)
Hand_Ring1, (0.08869380, 0.00652930, -0.01746530)
Hand_Ring2, (0.11413230, 0.03530195, -0.02422654)
Hand_Ring3, (0.11439960, 0.06163472, -0.02066864)
Hand_Pinky0, (0.03407354, 0.00941984, -0.02299862)
Hand_Pinky1, (0.07789586, 0.01369117, -0.03505412)
Hand_Pinky2, (0.10287790, 0.03134493, -0.03788046)
Hand_Pinky3, (0.11027070, 0.05011297, -0.03550192)
Hand_ThumbTip, (0.10712510, 0.08464126, 0.01992413)
Hand_IndexTip, (0.11626540, 0.08289117, 0.01446523)
Hand_MiddleTip, (0.11530240, 0.08877681, 0.00016856)
Hand_RingTip, (0.11028730, 0.08479405, -0.01425403)
Hand_PinkyTip, (0.11531960, 0.07042160, -0.02885356)
RootPos, (-0.04102480, 1.08317700, 0.30451680)
Hand_Start, (0.00000000, 0.00000000, 0.00000000)
Hand_ForearmStub, (0.00000000, 0.00000000, 0.00000000)
Hand_Thumb0, (0.02006931, 0.01155411, 0.01049657)
Hand_Thumb1, (0.03831299, 0.02472238, 0.02105184)
Hand_Thumb2, (0.05621267, 0.05170096, 0.02402608)
Hand_Thumb3, (0.07891583, 0.07670241, 0.02523741)
Hand_Index1, (0.09599624, 0.00731644, 0.02355064)
Hand_Index2, (0.12822500, 0.02699629, 0.02001652)
Hand_Index3, (0.14180190, 0.04703198, 0.01780126)
Hand_Middle1, (0.09564665, 0.00254313, 0.00172591)
Hand_Middle2, (0.13234870, 0.02415057, -0.00364083)
Hand_Middle3, (0.14838680, 0.04644233, -0.00584055)
Hand_Ring1, (0.08869383, 0.00652930, -0.01746521)
Hand_Ring2, (0.12224540, 0.02360094, -0.02764090)
Hand_Ring3, (0.13639340, 0.04600885, -0.02960752)
Hand_Pinky0, (0.03407357, 0.00941983, -0.02299859)
Hand_Pinky1, (0.07789584, 0.01369117, -0.03505414)
Hand_Pinky2, (0.10472640, 0.02742136, -0.04099952)
Hand_Pinky3, (0.11623680, 0.04415037, -0.04145085)
Hand_ThumbTip, (0.09311911, 0.09667441, 0.02760328)
Hand_IndexTip, (0.15245270, 0.06644751, 0.01450628)
Hand_MiddleTip, (0.15998910, 0.06853101, -0.00729354)
Hand_RingTip, (0.14637890, 0.06822909, -0.02862577)
Hand_PinkyTip, (0.12697420, 0.06299927, -0.03805099)
RootPos, (-0.02916542, 1.08439000, 0.30286940)
Hand_Start, (0.00000000, 0.00000000, 0.00000000)
Hand_ForearmStub, (0.00000000, 0.00000000, 0.00000000)
Hand_Thumb0, (0.02006931, 0.01155411, 0.01049657)
Hand_Thumb1, (0.03721981, 0.02198712, 0.02514794)
Hand_Thumb2, (0.04787218, 0.05195518, 0.03189560)
Hand_Thumb3, (0.06172655, 0.08033635, 0.04391802)
Hand_Index1, (0.09599625, 0.00731644, 0.02355067)
Hand_Index2, (0.13376730, 0.00483209, 0.02592976)
Hand_Index3, (0.15803550, 0.00425217, 0.02710679)
Hand_Middle1, (0.09564663, 0.00254314, 0.00172587)
Hand_Middle2, (0.13745420, -0.00269139, -0.00648709)
Hand_Middle3, (0.16431370, -0.00539450, -0.01198629)
Hand_Ring1, (0.08869381, 0.00652931, -0.01746527)
Hand_Ring2, (0.12530850, 0.00217750, -0.03015879)
Hand_Ring3, (0.15048200, 0.00159798, -0.03865018)
Hand_Pinky0, (0.03407359, 0.00941984, -0.02299855)
Hand_Pinky1, (0.07789586, 0.01369117, -0.03505413)
Hand_Pinky2, (0.10528270, 0.01971176, -0.04760229)
Hand_Pinky3, (0.12194300, 0.02807345, -0.05566877)
Hand_ThumbTip, (0.06797402, 0.10129480, 0.05522832)
Hand_IndexTip, (0.18026450, 0.00162041, 0.02665739)
Hand_MiddleTip, (0.18847880, -0.00877386, -0.01739597)
Hand_RingTip, (0.17394300, 0.00128554, -0.04527554)
Hand_PinkyTip, (0.14084910, 0.03731336, -0.06193895)
RootPos, (-0.02891181, 1.08654000, 0.29996280)
Hand_Start, (0.00000000, 0.00000000, 0.00000000)
Hand_ForearmStub, (0.00000000, 0.00000000, 0.00000000)
Hand_Thumb0, (0.02006930, 0.01155409, 0.01049647)
Hand_Thumb1, (0.03644210, 0.02021761, 0.02706535)
Hand_Thumb2, (0.04712143, 0.04908707, 0.03753408)
Hand_Thumb3, (0.06125900, 0.07619394, 0.05193278)
Hand_Index1, (0.09599623, 0.00731645, 0.02355066)
Hand_Index2, (0.13369650, 0.01014263, 0.02658171)
Hand_Index3, (0.15783250, 0.01250901, 0.02816899)
Hand_Middle1, (0.09564659, 0.00254316, 0.00172590)
Hand_Middle2, (0.13787070, 0.00086109, -0.00582562)
Hand_Middle3, (0.16494640, 0.00039268, -0.01089148)
Hand_Ring1, (0.08869379, 0.00652931, -0.01746520)
Hand_Ring2, (0.12551020, 0.00459185, -0.03017340)
Hand_Ring3, (0.15067770, 0.00553639, -0.03864966)
Hand_Pinky0, (0.03407355, 0.00941983, -0.02299862)
Hand_Pinky1, (0.07789583, 0.01369118, -0.03505412)
Hand_Pinky2, (0.10527290, 0.01603918, -0.04879185)
Hand_Pinky3, (0.12257070, 0.01955694, -0.05884001)
Hand_ThumbTip, (0.06761932, 0.09614836, 0.06487790)
Hand_IndexTip, (0.18016760, 0.01096213, 0.02808116)
Hand_MiddleTip, (0.18919500, -0.00270839, -0.01609010)
Hand_RingTip, (0.17399300, 0.00418366, -0.04564825)
Hand_PinkyTip, (0.14239830, 0.02154751, -0.06806128)
RootPos, (-0.03300281, 1.08896400, 0.30216700)
Hand_Start, (0.00000000, 0.00000000, 0.00000000)
Hand_ForearmStub, (0.00000000, 0.00000000, 0.00000000)
Hand_Thumb0, (0.02006932, 0.01155410, 0.01049656)
Hand_Thumb1, (0.03690663, 0.02126302, 0.02598499)
Hand_Thumb2, (0.04929915, 0.04990406, 0.03510663)
Hand_Thumb3, (0.06625225, 0.07733293, 0.04521707)
Hand_Index1, (0.09599622, 0.00731644, 0.02355064)
Hand_Index2, (0.13340890, 0.01240780, 0.02713608)
Hand_Index3, (0.15726870, 0.01660907, 0.02906646)
Hand_Middle1, (0.09564663, 0.00254314, 0.00172591)
Hand_Middle2, (0.13805200, 0.00426080, -0.00472096)
Hand_Middle3, (0.16513790, 0.00686105, -0.00903044)
Hand_Ring1, (0.08869382, 0.00652930, -0.01746527)
Hand_Ring2, (0.12576710, 0.00737088, -0.02952999)
Hand_Ring3, (0.15084640, 0.01156105, -0.03725133)
Hand_Pinky0, (0.03407358, 0.00941984, -0.02299855)
Hand_Pinky1, (0.07789587, 0.01369117, -0.03505411)
Hand_Pinky2, (0.10554000, 0.01745556, -0.04791399)
Hand_Pinky3, (0.12293780, 0.02230740, -0.05720535)
Hand_ThumbTip, (0.07530332, 0.09818035, 0.05468674)
Hand_IndexTip, (0.17964480, 0.01731154, 0.02933719)
Hand_MiddleTip, (0.18971990, 0.00712342, -0.01353517)
Hand_RingTip, (0.17431330, 0.01342577, -0.04359502)
Hand_PinkyTip, (0.14291630, 0.02582323, -0.06560931)
RootPos, (-0.03507008, 1.08896300, 0.30167000)
Hand_Start, (0.00000000, 0.00000000, 0.00000000)
Hand_ForearmStub, (0.00000000, 0.00000000, 0.00000000)
Hand_Thumb0, (0.02006932, 0.01155410, 0.01049656)
Hand_Thumb1, (0.03748596, 0.02261785, 0.02434943)
Hand_Thumb2, (0.05088921, 0.05150648, 0.03089854)
Hand_Thumb3, (0.06983539, 0.07927772, 0.03432970)
Hand_Index1, (0.09599625, 0.00731646, 0.02355069)
Hand_Index2, (0.13332550, 0.01280844, 0.02740307)
Hand_Index3, (0.15715030, 0.01712418, 0.02950611)
Hand_Middle1, (0.09564663, 0.00254315, 0.00172587)
Hand_Middle2, (0.13804850, 0.00430446, -0.00473184)
Hand_Middle3, (0.16516130, 0.00656168, -0.00906559)
Hand_Ring1, (0.08869381, 0.00652931, -0.01746528)
Hand_Ring2, (0.12595760, 0.00757807, -0.02891089)
Hand_Ring3, (0.15118890, 0.01144754, -0.03629707)
Hand_Pinky0, (0.03407354, 0.00941984, -0.02299862)
Hand_Pinky1, (0.07789585, 0.01369119, -0.03505408)
Hand_Pinky2, (0.10593680, 0.01827059, -0.04673636)
Hand_Pinky3, (0.12361770, 0.02327637, -0.05538985)
Hand_ThumbTip, (0.08103622, 0.10086850, 0.03814916)
Hand_IndexTip, (0.17952360, 0.01783741, 0.02993869)
Hand_MiddleTip, (0.18972960, 0.00611579, -0.01363060)
Hand_RingTip, (0.17476580, 0.01268450, -0.04238102)
Hand_PinkyTip, (0.14386440, 0.02671438, -0.06316031)
RootPos, (-0.03744781, 1.08817800, 0.30030080)
Hand_Start, (0.00000000, 0.00000000, 0.00000000)
Hand_ForearmStub, (0.00000000, 0.00000000, 0.00000000)
Hand_Thumb0, (0.02006928, 0.01155410, 0.01049648)
Hand_Thumb1, (0.03751101, 0.02267812, 0.02426942)
Hand_Thumb2, (0.05100569, 0.05154708, 0.03071670)
Hand_Thumb3, (0.07014360, 0.07926019, 0.03349073)
Hand_Index1, (0.09599625, 0.00731645, 0.02355067)
Hand_Index2, (0.13309940, 0.01340150, 0.02853127)
Hand_Index3, (0.15678510, 0.01805763, 0.03135508)
Hand_Middle1, (0.09564662, 0.00254316, 0.00172594)
Hand_Middle2, (0.13819150, 0.00422360, -0.00373657)
Hand_Middle3, (0.16540380, 0.00641467, -0.00743365)
Hand_Ring1, (0.08869382, 0.00652931, -0.01746524)
Hand_Ring2, (0.12604050, 0.00759139, -0.02863635)
Hand_Ring3, (0.15138910, 0.01067991, -0.03598851)
Hand_Pinky0, (0.03407354, 0.00941983, -0.02299863)
Hand_Pinky1, (0.07789586, 0.01369118, -0.03505410)
Hand_Pinky2, (0.10550260, 0.01905100, -0.04741864)
Hand_Pinky3, (0.12287190, 0.02408167, -0.05666811)
Hand_ThumbTip, (0.08164667, 0.10082240, 0.03648375)
Hand_IndexTip, (0.17913110, 0.01888859, 0.03246359)
Hand_MiddleTip, (0.19006360, 0.00573370, -0.01144208)
Hand_RingTip, (0.17499010, 0.01068701, -0.04210431)
Hand_PinkyTip, (0.14284840, 0.02724317, -0.06521654)
RootPos, (-0.03870910, 1.08845700, 0.30033270)
Hand_Start, (0.00000000, 0.00000000, 0.00000000)
Hand_ForearmStub, (0.00000000, 0.00000000, 0.00000000)
Hand_Thumb0, (0.02006930, 0.01155411, 0.01049656)
Hand_Thumb1, (0.03732662, 0.02223833, 0.02483810)
Hand_Thumb2, (0.05047725, 0.05105888, 0.03215437)
Hand_Thumb3, (0.06850228, 0.07873825, 0.03929045)
Hand_Index1, (0.09599624, 0.00731644, 0.02355064)
Hand_Index2, (0.13281260, 0.01475515, 0.02881418)
Hand_Index3, (0.15617640, 0.02074774, 0.03179571)
Hand_Middle1, (0.09564662, 0.00254314, 0.00172587)
Hand_Middle2, (0.13811940, 0.00534181, -0.00383793)
Hand_Middle3, (0.16515670, 0.00910536, -0.00755284)
Hand_Ring1, (0.08869381, 0.00652931, -0.01746521)
Hand_Ring2, (0.12564160, 0.01049601, -0.02928987)
Hand_Ring3, (0.15040400, 0.01651576, -0.03682202)
Hand_Pinky0, (0.03407358, 0.00941984, -0.02299854)
Hand_Pinky1, (0.07789586, 0.01369117, -0.03505411)
Hand_Pinky2, (0.10499480, 0.02056908, -0.04778524)
Hand_Pinky3, (0.12193510, 0.02663440, -0.05720828)
Hand_ThumbTip, (0.07872664, 0.10005050, 0.04617942)
Hand_IndexTip, (0.17841800, 0.02296259, 0.03308456)
Hand_MiddleTip, (0.18980580, 0.01002914, -0.01157823)
Hand_RingTip, (0.17376730, 0.01938276, -0.04317404)
Hand_PinkyTip, (0.14158360, 0.03089623, -0.06603459)
------------------------------------------------------
